0.0	0.0	0.0	0.0	0.0	0.0	0.0	0.0	0.0	0.0	
0.003003003003003003	0.0	0.0	0.0	0.0	0.0	0.0	0.0	0.0	0.0	
0.006006006006006006	0.0	0.0	0.0	0.0	0.0	0.0	0.0	0.0	0.0	
0.009009009009009009	0.0	0.0	0.0	0.0	0.0	0.0	0.0	0.0	0.0	
0.012012012012012012	0.0	0.0	0.0	0.0	0.0	0.0	0.0	0.0	0.0	
0.015015015015015015	0.0	0.0	0.0	0.0	0.0	0.0	0.0	0.0	0.0	
0.018018018018018018	0.0	0.0	0.0	0.0	0.0	0.0	0.0	0.0	0.0	
0.02102102102102102	0.00016068107247162384	0.0	0.0	0.0	0.0	0.0	0.0	0.0	0.0	
0.024024024024024024	0.0006035584341671893	0.0	0.0	0.0	0.0	0.0	0.0	0.0	0.0	
0.02702702702702703	0.001046435795862755	0.0	0.0	0.0	0.0	0.0	0.0	0.0	0.0	
0.03003003003003003	0.0014837894085475715	0.0	0.0	0.0	0.0	0.0	0.0	0.0	0.0	
0.03303303303303303	0.0017583196532384873	0.0	0.0	0.0	0.0	0.0	0.0	0.0	0.0	
0.036036036036036036	0.0020328498979294033	0.0	0.0	0.0	0.0	0.0	0.0	0.0	0.0	
0.03903903903903904	0.003510675731660251	0.0	0.0	0.0	0.0	0.0	0.0	0.0	0.0	
0.04204204204204204	0.005432387444496661	0.00012276527060941798	0.0	0.0	0.0	0.0	0.0	0.0	0.0	
0.04504504504504504	0.008216209423843034	0.0002742164503377064	0.0	0.0	0.0	0.0	0.0	0.0	0.0	
0.04804804804804805	0.012151142931079502	0.00042566763006599484	0.0	0.0	0.0	0.0	0.0	0.0	0.0	
0.05105105105105105	0.015982361287509607	0.00044106141843560314	0.0	0.0	0.0	0.0	0.0	0.0	0.0	
0.05405405405405406	0.019093704060673337	0.0003094094672724929	0.0	0.0	0.0	0.0	0.0	0.0	0.0	
0.057057057057057055	0.02220504683383706	0.00032657491238581734	0.0	0.0	0.0	0.0	0.0	0.0	0.0	
0.06006006006006006	0.019512817790032094	0.00045822686354892757	0.0	0.0	0.0	0.0	0.0	0.0	0.0	
0.06306306306306306	0.015577884282795617	0.00041878604227836336	7.898867260005162e-06	0.0	0.0	0.0	0.0	0.0	0.0	
0.06606606606606606	0.012978778636962961	0.00028713409111525356	8.458674922026236e-05	0.0	0.0	0.0	0.0	0.0	0.0	
0.06906906906906907	0.01160612741350838	0.0004455343628385147	0.00016127463118051957	0.0	0.0	0.0	0.0	0.0	0.0	
0.07207207207207207	0.010915013440775606	0.0007088382651647346	0.0002379625131407768	0.0	0.0	0.0	0.0	0.0	0.0	
0.07507507507507508	0.012653704990484743	0.0005408551179946436	0.0001518860841939888	0.0	0.0	0.0	0.0	0.0	0.0	
0.07807807807807808	0.014392396540193881	0.000277551215668425	1.8012169810655747e-05	0.0	0.0	0.0	0.0	0.0	0.0	
0.08108108108108109	0.016298872830241833	0.00037112566470029864	0.0	0.0	0.0	0.0	0.0	0.0	0.0	
0.08408408408408408	0.01822058454307824	0.0005027776158634083	0.0	0.0	0.0	0.0	0.0	0.0	0.0	
0.08708708708708708	0.022110326849067444	0.0005043324284952003	0.0	0.0	0.0	0.0	0.0	0.0	0.0	
0.09009009009009009	0.027234891416631213	0.0005139153039420293	0.0	0.0	0.0	0.0	0.0	0.0	0.0	
0.09309309309309309	0.03455907809102295	0.0006455672551051392	0.0	0.0	0.0	0.0	0.0	0.0	0.0	
0.0960960960960961	0.04672991893898691	0.0009429837144718394	1.9119375706374585e-05	0.0	0.0	0.0	0.0	0.0	0.0	
0.0990990990990991	0.058959493541064986	0.002127851274939834	0.00015299329008970766	0.0	0.0	0.0	0.0	0.0	0.0	
0.1021021021021021	0.07707848969066547	0.0033127188354078276	0.0003183637620184255	0.0	0.0	0.0	0.0	0.0	0.0	
0.10510510510510511	0.09519748584026594	0.004497586395875816	0.0005861115907850929	0.0	0.0	0.0	0.0	0.0	0.0	
0.10810810810810811	0.09538052337284994	0.004994518921420776	0.0006344907226297818	0.0	0.0	0.0	0.0	0.0	6.041966565546711e-06	
0.1111111111111111	0.08815122692932251	0.004072955263279012	0.0002328689794797844	0.0	0.0	0.0	0.0	0.0	2.1809014906319083e-05	
0.11411411411411411	0.08548373338874495	0.003800995138272958	0.0	4.166633088585841e-05	0.0	0.0	0.0	0.0	3.7576063247091525e-05	
0.11711711711711711	0.08951017697754504	0.004459254894088506	0.0	0.00011626922275668896	0.0	3.7520353124172095e-05	0.0	0.0	5.220191069046225e-05	
0.12012012012012012	0.09615674383067149	0.004595344123184608	0.0	0.0001908721146275195	0.0	8.174189394992738e-05	0.0	0.0	4.6518674632693037e-05	
0.12312312312312312	0.1256229900941632	0.004200388269695272	0.0	0.0002775014292209876	0.0	0.00012596343477568267	0.0	0.0	4.0835438574923826e-05	
0.12612612612612611	0.15508923635765476	0.006326929545518094	8.100528490142429e-05	0.000404734466872048	0.0	0.00012407948147845804	0.0	0.0	3.515220251715465e-05	
0.12912912912912913	0.2170882775903261	0.010276488080411428	0.00021487919928475828	0.00042663077053297336	0.0	7.937380834428318e-05	0.0	0.0	2.946896645938541e-05	
0.13213213213213212	0.28718500006807307	0.012562659467358503	0.00016198818018722057	0.00017216469523085253	0.0	3.4668135210108735e-05	0.0	0.0	2.3785730401616227e-05	
0.13513513513513514	0.29963177452725204	0.01401083093015273	2.8114265803887237e-05	0.0	0.0	0.0	0.0	0.0	1.810249434384699e-05	
0.13813813813813813	0.2540597539085601	0.012399786610597402	0.0	0.0	0.0	0.0	0.0	0.0	1.2419258286077805e-05	
0.14114114114114115	0.22027839420587175	0.009766747587335149	0.0	0.0	4.2460288409821995e-05	0.0	0.0	0.0	6.7360222283085675e-06	
0.14414414414414414	0.23482849717449028	0.008451573381925894	0.00011813683041845531	0.0	0.00010984865248796238	0.0	0.0	0.0	1.0527861705393837e-06	
0.14714714714714713	0.24937860014310878	0.007398357772621022	0.00025201074480178806	5.3227580780147353e-05	0.00017723701656610278	0.0	3.30987849465419e-05	0.0	9.260899774459605e-06	
0.15015015015015015	0.2816778640442784	0.008885297044209808	0.0002553706469276562	0.00018046061843120896	0.00022440325238020872	0.0	8.166214969355342e-05	0.0	2.0627371889998086e-05	
0.15315315315315314	0.31608565471220695	0.010603454806558353	0.00025537064692765564	0.00018916160377746149	0.00022440325238020915	0.0	0.00013022551444056448	0.0	3.199384400553646e-05	
0.15615615615615616	0.4028917148836828	0.014289709439125475	0.0002553706469276563	6.19285661263999e-05	0.0002100211583637211	0.0	0.0001427616202179258	0.0	4.336031612107494e-05	
0.15915915915915915	0.5258812645052127	0.01812654542764565	0.0003195540315841138	6.530447152466054e-05	0.00010620520622617683	0.0	8.884634787444866e-05	3.804557187918855e-05	5.4726788236613314e-05	
0.16216216216216217	0.6261087477426628	0.023524275425333148	0.0007211757747341151	0.00019253750917572215	2.3892540886316118e-06	0.0	3.4931075530971e-05	7.890123500550195e-05	6.609326035215179e-05	
0.16516516516516516	0.6703996272194638	0.02830854195176449	0.0010214825877106223	0.00024842762992986544	0.0	0.0	0.0	0.00011975689813181497	7.745973246769017e-05	
0.16816816816816815	0.7146905066962648	0.030151669268048017	0.0010214825877106223	0.00024842762992986544	0.0	0.0	0.0	0.00011310731153124796	8.882620458322854e-05	
0.17117117117117117	0.8141636531871556	0.03206251369910041	0.0009291849372502759	0.00017104626766069174	0.0	0.0	0.0	7.49480971670645e-05	0.00010019267669876703	
0.17417417417417416	0.9143671924993395	0.03416894491771033	0.0006614371084836116	4.381323000963129e-05	0.0	0.0	0.0	3.6788882802881416e-05	9.845793508478317e-05	
0.17717717717717718	1.0872467633350504	0.039425113318731685	0.001037475357477959	8.341980764143032e-05	0.0	0.0	0.0	0.0	8.709146296924471e-05	
0.18018018018018017	1.293601997261055	0.050747181118758984	0.0022423405869279483	0.00021065284529249074	0.0	0.0	0.0	0.0	7.572499085370637e-05	
0.1831831831831832	1.5309573316101506	0.06409007052628558	0.0030217866829287954	0.00024842762992986544	0.0	0.0	0.0	0.0	6.435851873816791e-05	
0.18618618618618618	1.8183904978015386	0.08015160856818487	0.003423408426078801	0.00024842762992986544	0.0	0.0	0.0	0.0	5.2992046622629555e-05	
0.1891891891891892	2.099948290579407	0.09399318309661592	0.003325347944745585	0.00034392432831580896	0.0	0.0	0.0	0.0	4.1625574507091106e-05	
0.1921921921921922	2.3139903713567573	0.10571020675013318	0.0029237262015955846	0.0004711573659668694	0.0	0.0	0.0	0.0	3.0259102391552752e-05	
0.19519519519519518	2.5280324521341075	0.12134769588859395	0.004339597957583631	0.000395320116101532	0.0	0.0	0.0	0.0	1.8892630276014398e-05	
0.1981981981981982	2.934740003420775	0.13964731710026587	0.0064815805877169695	0.0002680870784504704	0.0	0.0	0.0	0.0	7.526158160475936e-06	
0.2012012012012012	3.396499874990894	0.16564798012080323	0.008191424280149389	0.001001442753843054	0.0	0.0	0.0	0.0	0.0	
0.2042042042042042	3.77150053881866	0.19526966913250304	0.009797911252749389	0.0018920740174004852	0.0	7.4639033617284335e-06	0.0	0.0	0.0	
0.2072072072072072	4.050789307750884	0.21734000670499332	0.010802338644028206	0.0010785247634172265	0.0	5.2169576495903005e-05	0.0	0.0	0.0	
0.21021021021021022	4.368238157455886	0.23708779937945984	0.011739456044711539	6.0660462208733884e-05	0.0	9.6875249630078e-05	0.0	0.0	0.0	
0.2132132132132132	4.867883202793352	0.26902423081281446	0.015730722701769465	0.0007179028792498121	0.0	0.00014158092276425258	0.0	0.0	0.0	
0.21621621621621623	5.367528248130822	0.3031220861640615	0.0198711561544176	0.0014813011051561817	7.107186534549159e-05	0.00010822886600110303	0.0	0.0	0.0	
0.21921921921921922	6.062743268947946	0.374476840305355	0.025359986644134216	0.0014905657795791923	0.00017488781748303453	6.352319286692833e-05	0.0	0.0	0.0	
0.2222222222222222	6.78695405444258	0.4471689634267179	0.03103817351303431	0.0015130374444212937	0.0002244032523802088	1.8817519732753626e-05	0.0	0.0	0.0	
0.22522522522522523	7.0003721749485175	0.45138182586393744	0.037597995317817864	0.002149202632676602	0.00022440325238020926	0.0	0.0	0.0	0.0	
0.22822822822822822	6.826228489732914	0.46048474362385516	0.043761303100994915	0.0027643022642505504	0.00022440325238020937	0.0	0.0	0.0	0.0	
0.23123123123123124	6.723850087773256	0.5120923084797971	0.048848511847561414	0.003146001377203735	0.00022440325238020893	0.0	0.0	0.0	0.0	
0.23423423423423423	6.819203592762567	0.5575690219143814	0.05374202494982412	0.0034448443715922486	0.00020364543135007943	0.0	0.0	0.0	0.0	
0.23723723723723725	6.914557097751879	0.5765269028818666	0.05829373803885746	0.0031903782962901255	9.982947921253555e-05	0.0	0.0	0.0	0.0	
0.24024024024024024	6.685718000249127	0.5996444119764618	0.06254144566331593	0.003116789573669525	7.972945850014868e-06	0.0	0.0	0.0	0.0	
0.24324324324324323	6.444771955492068	0.6338739192788702	0.06642378918043257	0.0038801877995758875	0.0002156048501251034	0.0	0.0	0.0	0.0	
0.24624624624624625	6.739536085532697	0.7045257537948795	0.07923388221753386	0.004500345453195024	0.00042323675440019386	0.0	0.0	0.0	0.0	
0.24924924924924924	7.308179732369134	0.8407855232486973	0.09944884328941711	0.0046275784908460845	0.00035777542780298743	0.0	0.0	0.0	0.0	
0.25225225225225223	7.715663237460234	0.9858816970794578	0.12111824712338098	0.004997617447305066	0.0002539594756654432	0.0	0.0	0.0	0.0	
0.2552552552552553	7.83590748463487	1.1421525631100773	0.1436090647397812	0.006015481748513559	0.00022440325238020953	0.0	0.0	0.0	0.0	
0.25825825825825827	7.956449665120631	1.2411355451803954	0.1502347949301987	0.0074813211069435885	0.00022440325238020953	0.0	0.0	0.0	0.0	
0.26126126126126126	8.081909986944378	1.288530247599109	0.1510380384164995	0.00989874882231376	0.00016691487163301804	0.0	0.0	0.0	0.0	
0.26426426426426425	8.207370308768127	1.5022120348288448	0.18449298870301575	0.01152119787792224	6.309891949547378e-05	0.0	0.0	0.0	0.0	
0.26726726726726724	8.795488665102027	1.8218629722528734	0.22492291084678168	0.01177566395322436	0.0	0.0	0.0	0.0	0.0	
0.2702702702702703	9.53388351323904	2.24340605853678	0.2808113952564106	0.013402979323134764	0.0	0.0	0.0	0.0	0.0	
0.2732732732732733	10.035779383912072	2.709585617605349	0.33791660694283465	0.01696550437736449	2.3945684536949228e-05	4.890268799390728e-06	0.0	0.0	0.0	
0.27627627627627627	10.251560156239167	2.915766777850425	0.373527068168801	0.019645424311813247	0.00012776163667449259	4.959594193356543e-05	0.0	0.0	0.0	
0.27927927927927926	10.330106318240732	3.0486035965740177	0.4076315422888456	0.021299453801277016	0.00023157758881203603	9.430161506774012e-05	0.0	0.0	0.0	
0.2822822822822823	9.632433456399498	3.16357025458232	0.4283819990182625	0.024315937811251534	0.0003353935409495822	0.00013900728820191564	0.0	0.0	0.0	
0.2852852852852853	8.934760594558277	3.2757377169732744	0.4553072784596823	0.028641861091387624	0.00043920949308712644	0.00011080250056343994	0.0	0.0	0.0	
0.2882882882882883	8.142731769218193	3.3485426635092277	0.5079197268123319	0.0304856812493102	0.0002603686238319158	6.609682742926574e-05	0.0	0.0	0.0	
0.2912912912912913	7.333782648195629	3.413695468711436	0.5389186714583273	0.03035844821165914	5.273671955682727e-05	2.139115429509154e-05	0.0	0.0	0.0	
0.29429429429429427	6.607771310127231	3.3202225833856285	0.5160262320987774	0.029769481109395105	0.0	0.0	0.0	0.0	0.0	
0.2972972972972973	5.95082043458186	3.243782783576917	0.5197000671262154	0.02887884984583766	0.0	0.0	0.0	0.0	0.0	
0.3003003003003003	5.333531565995919	3.294205480872405	0.5669575589035347	0.0328848718279378	6.067624425401098e-05	0.0	0.0	0.0	0.0	
0.3033033033033033	4.8395601457153985	3.352911837236484	0.6052582332968262	0.039500989785792875	0.00016449219639155436	0.0	0.0	0.0	0.0	
0.3063063063063063	4.345588725434879	3.4441466393925024	0.6335056292317065	0.038816437152887226	0.000224403252380208	0.0	0.0	0.0	0.0	
0.30930930930930933	3.9795866802380107	3.573392047169377	0.6773718708107379	0.034999446023355314	0.00022440325238020888	0.0	0.0	0.0	0.0	
0.3123123123123123	3.621599241161057	3.7968054082931735	0.7333311670229707	0.03869306496445271	0.0002515368004239785	0.0	0.0	0.0	0.0	
0.3153153153153153	3.4095708100413273	4.087246469825383	0.8227538999043719	0.0449274838093546	0.000355352752561521	0.0	0.0	0.0	0.0	
0.3183183183183183	3.280084044628779	4.490759700140336	0.9297191574966542	0.049948589147162326	0.00043844430482176713	0.0	0.0	0.0	0.0	
0.3213213213213213	3.1840976946721624	5.083215671166716	1.1272721978360412	0.054656211540251604	0.0003346283526842255	0.0	0.0	0.0	0.0	
0.32432432432432434	3.154173898000852	5.900379332036133	1.3552594740308601	0.06472122914817997	0.00023081240054668198	2.859805733153576e-05	0.0	0.0	0.0	
0.32732732732732733	3.1194331378265066	6.711698669784707	1.5615178633451359	0.07579050342382213	0.00012699644840913788	7.33037304657102e-05	0.0	0.0	0.0	
0.3303303303303303	2.948583815547194	7.51806687065875	1.7636674740639675	0.08414330530740757	2.3180496271593622e-05	0.00011800940359988465	0.0	0.0	0.0	
0.3333333333333333	2.7777344932678814	7.8230531105897025	1.9327021314745145	0.09215898667942446	0.0	0.00013180038516546927	0.0	0.0	0.0	
0.3363363363363363	2.4314775011801917	7.82845084058739	2.096634058751293	0.08980211088284878	0.0	8.709471203129532e-05	0.0	0.0	0.0	
0.33933933933933935	2.020963275285702	7.756204054834424	2.157412815881338	0.08674851797922331	6.386410776083152e-05	4.238903889712057e-05	0.0	0.0	0.0	
0.34234234234234234	1.67959908718825	7.65233066536677	2.217145965552848	0.08294334563311653	0.00016768005989837578	0.0	0.0	0.0	0.0	
0.34534534534534533	1.4300510947642082	7.679209212372622	2.2690890443335703	0.07947218959503809	0.00022440325238020912	0.0	0.0	0.0	0.0	
0.3483483483483483	1.1957053161570714	7.7397691099076145	2.3643211721975708	0.08647000666584635	0.00022440325238020826	0.0	0.0	0.0	0.0	
0.35135135135135137	1.0655779801735754	7.984719200351335	2.62162683564234	0.09257839950803862	0.0001940818408296168	0.0	0.0	0.0	0.0	
0.35435435435435436	0.9354506441900816	8.254869004138035	2.816413271657214	0.08837970926555358	9.02658886920743e-05	0.0	0.0	0.0	0.0	
0.35735735735735735	0.8191391426178092	8.046504029224218	2.8675531069516467	0.08586015506651148	0.0	0.0	0.0	0.0	0.0	
0.36036036036036034	0.7057581515604613	7.8196776134079276	2.972143791758496	0.0948937007397367	0.0	0.0	0.0	0.0	0.0	
0.36336336336336333	0.6284914063834435	7.577701327170169	3.158362406665711	0.10286241516888933	0.0	0.0	0.0	0.0	0.0	
0.3663663663663664	0.5842005269066416	7.394684523431437	3.415944602523249	0.10578877503486381	0.0	0.0	0.0	0.0	0.0	
0.36936936936936937	0.5450934694253845	7.594137229443512	3.748353531937063	0.1152909610031771	0.0	0.0	0.0	0.0	0.0	
0.37237237237237236	0.5243206809104387	7.80737639304605	4.202252023145237	0.14786261864184824	8.382331937277063e-05	0.0	0.0	0.0	0.0	
0.37537537537537535	0.5035478923954928	8.070022035616452	4.743905880740199	0.17546644940609585	0.0001876392715103149	0.0	0.0	0.0	0.0	
0.3783783783783784	0.48042260910614826	8.080994954770684	5.0340749297930385	0.18958931658536393	0.00022440325238020953	0.0	0.0	0.0	0.0	
0.3813813813813814	0.45708753830742044	7.512390177697254	5.202086692344147	0.2045181701719974	0.00022440325238020953	0.0	0.0	0.0	0.0	
0.3843843843843844	0.4163388510368818	6.99779139603325	5.304509456416144	0.22118569810428618	0.0004758063681928594	0.0	0.0	0.0	0.0	
0.38738738738738737	0.36472716503498975	6.568606035241475	5.386841913761868	0.24095785634119116	0.0009948861288805752	0.0	0.0	0.0	0.0	
0.39039039039039036	0.3210918053302309	6.140228427511192	5.6343430395497744	0.2661499977961013	0.0016480029897979298	0.0	0.0	0.0	0.0	
0.3933933933933934	0.2949199220030298	5.71275454208457	5.9091861857787595	0.3005079761957515	0.002582346559035843	0.0	0.0	0.0	0.0	
0.3963963963963964	0.26890340205668434	5.415485958392117	6.199043318516326	0.34796589923959653	0.0035334280552260272	0.0	0.0	0.0	0.0	
0.3993993993993994	0.2565495410455932	5.221957590182347	6.482100463741717	0.3983445551076947	0.00457158757660147	0.0	0.0	0.0	0.0	
0.4024024024024024	0.244195680034502	4.844921388387891	6.59589329096755	0.4521641300340938	0.005609747097976911	2.5767422443915392e-05	0.0	0.0	0.0	
0.40540540540540543	0.23119305848866223	4.3651816783495345	6.713219054697155	0.510882140701649	0.006128993964428779	0.00011517876871226593	0.0	0.0	0.0	
0.4084084084084084	0.21792409666193469	4.065072048733936	6.853117295227737	0.5743714264895274	0.006648073725116474	0.0002045901149806148	0.0	0.0	0.0	
0.4114114114114114	0.21120464550824555	3.8328380068821883	7.1193555126051375	0.6907998642468105	0.009429444240673596	0.0002940014612489637	0.0	0.0	0.0	
0.4144144144144144	0.21404145803671834	3.8145085994406887	7.813893380425907	0.8498411613106376	0.012647738756937466	0.0002056181162817494	0.0	0.0	0.0	
0.4174174174174174	0.21665861586920462	3.8462367196709977	8.41728540436454	1.0263312966876783	0.014671956082035356	0.0001162067700133995	0.0	0.0	0.0	
0.42042042042042044	0.21739069652171375	3.7531899744403123	8.827207330206273	1.214381726335947	0.016125379411961002	2.679542374504798e-05	0.0	0.0	0.0	
0.42342342342342343	0.21812277717422288	3.645498678388908	9.080939856378246	1.4181201591992898	0.01870164096194293	0.0	0.0	0.0	0.0	
0.4264264264264264	0.2104875586629041	3.33366215201951	9.11240022625833	1.6303448660012605	0.022335199286756882	0.0	0.0	0.0	0.0	
0.4294294294294294	0.20078749001715843	3.0180219399554384	8.844072984583377	1.777354906660326	0.023620140743460225	0.0	0.0	0.0	0.0	
0.43243243243243246	0.19383148755753984	2.7090348105756163	8.282070292002139	1.8959360977511157	0.02060947813147151	9.083624857204509e-05	0.0	0.0	0.0	
0.43543543543543545	0.1896220238056125	2.4345358172534977	8.270091883923659	2.200116778459064	0.018933843480243094	0.00031436461424291735	0.0	0.0	0.0	
0.43843843843843844	0.18740042635000195	2.3573877738719156	8.628472352727837	2.568201956383585	0.022878849661469775	0.0005378929799137896	0.0	0.0	0.0	
0.44144144144144143	0.1932570715700748	2.243496107947509	8.556451074398868	2.9191708927126565	0.026767075880324682	0.0007161825020801479	0.0	0.0	0.0	
0.4444444444444444	0.19911371679014767	2.0088923309748585	8.291112976091105	3.265626454236491	0.02884339492307544	0.0005373598095434525	0.0	0.0	0.0	
0.44744744744744747	0.19440285374823255	1.788395300032629	8.002204351190237	3.7278756238778064	0.03091971396582624	0.000358537117006754	0.0	0.0	0.0	
0.45045045045045046	0.18845469844659604	1.5981582306019253	7.706744622146223	4.212379031253049	0.03443921775075979	0.0001797144244700587	0.0	0.0	0.0	
0.45345345345345345	0.18142142826402305	1.4099350649774316	7.215786448240124	4.465159272391616	0.038176592027711474	0.00018384923070386645	0.0	0.0	0.0	
0.45645645645645644	0.17364307133111379	1.2247007696909373	6.696891156090363	4.688198787393922	0.04007827384763085	0.0002285549038380404	0.0	0.0	0.0	
0.45945945945945943	0.16530626519088706	1.0459441252274053	6.118161199983456	4.888310074126164	0.04122024932114384	0.00027326057697221436	0.0	0.0	0.0	
0.4624624624624625	0.1556061965451412	0.8740066770083857	5.54378850343542	5.086793612861824	0.04207894304377591	0.00029451546189952874	0.0	0.0	0.0	
0.46546546546546547	0.14590612789939555	0.7529536718346818	5.069473224775274	5.3493188176099515	0.042701838756600996	0.0002945154618995297	0.0	0.0	0.0	
0.46846846846846846	0.1498624956763018	0.6700129426019182	4.634964513969982	5.621816016583161	0.04667507464339435	0.00029451546189953074	0.0	0.0	0.0	
0.47147147147147145	0.15398044934666552	0.6193033421110979	4.421971116186102	6.19092939399636	0.05601851033577342	0.00030482553855915	0.0	0.0	0.0	
0.4744744744744745	0.16148836380657206	0.5854687906621784	4.224936655212586	6.77349024805682	0.06406758140606066	0.0003495312116933243	0.0	0.0	0.0	
0.4774774774774775	0.17054786188137225	0.5606086755359522	4.077139853733388	7.51933031476733	0.06759732377873716	0.00039423688482749774	0.0	0.0	0.0	
0.4804804804804805	0.1790806480510608	0.5388861035940392	3.9261827571707846	8.246448035309554	0.07184374671368489	0.0004389425579616712	0.0	0.0	0.0	
0.48348348348348347	0.18676749490240646	0.5055341393915406	3.769014781684753	8.840753554177661	0.08710469167790348	0.0005255232693424002	0.0	0.0	0.0	
0.48648648648648646	0.19364216069687334	0.46972480867517724	3.5041038775969	9.273982382455507	0.10236563664212207	0.0006149346156107507	0.0	0.0	0.0	
0.4894894894894895	0.19135440865778233	0.4116282889063786	3.096190060470894	8.926381723592808	0.10903498589616424	0.0007043459618791027	0.0	0.0	0.0	
0.4924924924924925	0.18906665661869135	0.35133169527367175	2.7360189243364643	8.638683049752768	0.11474486326372954	0.0008799602882453888	0.0	0.0	0.0	
0.4954954954954955	0.18421216364589588	0.3063575720017286	2.419540990734249	8.565269587028103	0.1332495394499089	0.0011034886539162635	0.0	0.0	0.0	
0.4984984984984985	0.17863004867051394	0.26257164099243124	2.1920062433382426	8.526368018269052	0.1562966808244437	0.0013270170195871381	0.0	0.0	0.0	
0.5015015015015015	0.17885144649943427	0.23163343246909812	2.0202460111844363	8.582732253948514	0.18203681181471235	0.0018156368428432336	0.0	0.0	0.0	
0.5045045045045045	0.18544017237201613	0.20201189126362498	1.8693100550253539	8.68112330148141	0.20975567103543413	0.002799161651795048	0.0	0.0	0.0	
0.5075075075075075	0.19178931059507734	0.1791044517612436	1.7270020840358493	8.871591158844968	0.2614230435174536	0.003782686460746899	0.0	0.0	0.0	
0.5105105105105106	0.1970053852442048	0.15969830886705957	1.6540514852625647	9.09989057087581	0.3468635721266577	0.004803004823771228	0.0	0.0	0.0	
0.5135135135135135	0.2022214598933321	0.15087762813913147	1.5984938107935003	9.395198451263912	0.4352235691753305	0.006457114729735668	0.0	0.0	0.0	
0.5165165165165165	0.21126887855274482	0.1396885027517552	1.5872373070400805	9.533252088605163	0.5321876684717921	0.00811122463570017	2.0146881305008717e-05	0.0	0.0	
0.5195195195195195	0.22087743711692667	0.12375861666101931	1.5813468548071978	9.44342556402361	0.6362231534390298	0.00976533454166461	7.406215364848552e-05	0.0	0.0	
0.5225225225225225	0.2174989668657926	0.10337391084674329	1.392667354375381	9.100071255382197	0.810218689221567	0.01318837343760079	0.00012797742599196432	0.0	0.0	
0.5255255255255256	0.2043215151206284	0.07678021671179541	1.20207139112298	8.453981890190088	0.9842142250041043	0.017167178346542356	0.00014153931087965407	0.0	0.0	
0.5285285285285285	0.19472016074206144	0.05785823622027144	1.023215841506848	8.032052511997703	1.3135985711872866	0.021145983255483773	8.762403853617726e-05	0.0	0.0	
0.5315315315315315	0.1949031809051887	0.046536168420242996	0.8595023788089681	7.831406011621899	1.6546339739591098	0.02877829005221707	3.370876619269845e-05	0.0	0.0	
0.5345345345345345	0.195086201068316	0.03791866088848305	0.7700746040008949	7.6631299396730475	2.137081046353552	0.04058058775963898	2.020650615077785e-05	0.0	0.0	
0.5375375375375375	0.19191226420073537	0.031204411379164368	0.6793501650576302	7.521265102692116	2.6620783163131274	0.052382885467061324	7.412177849425532e-05	0.0	0.0	
0.5405405405405406	0.18861790126444433	0.024666983547046793	0.5849690554173864	7.196064988297758	3.2479015407608656	0.06584078178330204	0.00012803705083773282	0.0	0.0	
0.5435435435435435	0.1831391285338574	0.018216037940054573	0.48475502028584455	6.747695763615502	3.873081204533146	0.08721009354143681	0.00018195232318120877	0.0	0.0	
0.5465465465465466	0.17655040266127528	0.013258320233249703	0.3739074191764382	6.160833857138459	4.455608476089348	0.10857940529957238	0.00023586759552468757	0.0	0.0	
0.5495495495495496	0.16619795251694156	0.008782153893703914	0.28309259706915935	5.497949730976409	4.985069831990791	0.12994871705770797	0.00028978286786816637	0.0	0.0	
0.5525525525525525	0.1491770773461051	0.006851770493587529	0.217092757278181	4.934974902729199	5.585010808433415	0.1675102071337403	0.0003031658782185512	0.0	0.0	
0.5555555555555556	0.13290551025087471	0.005403599030793356	0.16935357758959232	4.416245808225765	6.36259228994372	0.20729825622315673	0.0002492506058750724	0.0	0.0	
0.5585585585585585	0.12869604649894745	0.00444272317934476	0.1372238381375913	4.082281435380712	7.081836154658909	0.2470863053125717	0.00019533533353159558	0.0	0.0	
0.5615615615615616	0.12448658274702	0.0035172306019471307	0.11033642833252867	3.813056327711068	7.383213863714094	0.29425166958461413	0.0001820119480269804	0.0	0.0	
0.5645645645645646	0.11508716718612272	0.002200711090316017	0.08650687157229639	3.443673388873533	7.684591572769279	0.34664671849786666	0.0002359272203704592	0.0	0.0	
0.5675675675675675	0.10401444731692266	0.0009713228734987639	0.06839623707555419	3.047342476590523	8.033057246444656	0.3990417674111172	0.000289842492713936	0.0	0.0	
0.5705705705705706	0.09543391341585272	0.0005763670200094298	0.05246524126393706	2.7567766162637435	8.38343608490893	0.46038154298951794	0.0003640835208997314	0.0	0.0	
0.5735735735735735	0.08985179844047088	0.00029933624606592575	0.03839248260255535	2.4870425764434954	8.71638675272478	0.5434893893459483	0.0004719140655866824	0.0	0.0	
0.5765765765765766	0.08396446628575763	0.0005626401483921485	0.02473734333545472	2.1793393133826515	9.044964241240113	0.6265972357023815	0.0005797446102736373	0.0	0.0	
0.5795795795795796	0.0763691295159755	0.000721775938755012	0.019600171533347588	1.8666005068363154	9.454065177642546	0.7097050820588149	0.0007079307232257952	0.0	0.0	
0.5825825825825826	0.06877379274619366	0.0005901239875919055	0.015316771823947983	1.7469287570749146	9.90888286395712	0.848588691078251	0.0008696765402562217	0.0	0.0	
0.5855855855855856	0.06436500324404792	0.00045847203642879403	0.011434428306831204	1.6417070349374876	10.334328086272354	0.9876233345255336	0.001031422357286654	0.0	0.0	
0.5885885885885885	0.06052157981837519	0.00032682008526568754	0.007866227259579073	1.5058799925965143	10.727479097017227	1.1266579779728112	0.001172782793628998	0.0	0.0	
0.5915915915915916	0.05762925346055968	0.0002521662142476006	0.007330731602045654	1.3699798779411458	11.115107653443886	1.2866344790192965	0.001280613338315959	0.0	0.0	
0.5945945945945946	0.055524521584595955	0.0002521662142476031	0.006620635780077089	1.2580148048082085	11.490713768277434	1.4554431007739463	0.0013884438830029198	0.0	0.0	
0.5975975975975976	0.05270315560422304	0.00018403044602395988	0.0051480227218605335	1.141801354432876	11.741760808549321	1.62425172252859	0.0015166896208008446	0.0	0.0	
0.6006006006006006	0.047670101118222834	5.237849486084339e-05	0.0036754096636438917	0.9714363170180919	11.304384202194026	1.7920719542528007	0.001678435437831281	0.0	0.0	
0.6036036036036035	0.04263704663222282	0.0	0.002202796605427224	0.8079077732410375	10.867007595838746	1.9584664696581968	0.0018401812548617114	0.0	0.0	
0.6066066066066066	0.039673799490438776	0.0	0.0010283670130802032	0.6944159036562916	10.44672077255177	2.124860985063599	0.002349492165967681	0.0	0.0	
0.6096096096096096	0.03683698696196594	0.0	0.0003589974411635431	0.5863425181759239	10.026577614250947	2.309263373150888	0.0034277976128372564	0.0	0.0	
0.6126126126126126	0.035288913490041374	0.0	0.0002482977046024833	0.5051678401545546	9.779913089547502	2.631591276448272	0.0045061030597067925	0.0	0.0	
0.6156156156156156	0.034465322755968614	0.00010154883245950698	0.0007837933621358321	0.431219121961675	9.568751442899815	2.953919179745668	0.00531823587313873	0.0	0.0	
0.6186186186186187	0.03293066118429008	0.00023320078362261838	0.0007236761557520838	0.3836339658801766	9.072254313171696	3.2762470830430637	0.005695642779543056	9.825346938213808e-05	3.893313947281835e-05	
0.6216216216216216	0.030002338574253704	0.00018734945185176316	0.0001881804982187548	0.33190603113792366	8.434305287286499	3.70824410493838	0.006073049685947368	0.00021273111247468613	9.008226399273979e-05	
0.6246246246246246	0.02717486512464286	0.00011162386198761815	8.68287898286468e-05	0.26854397838769106	7.8672575677657255	4.164063148214426	0.00727064180753674	0.0003272087555672384	0.00014123138851266308	
0.6276276276276276	0.027083355043079224	3.5898272123475935e-05	0.00022070270421197644	0.21599066412951742	7.369148629409797	4.619882191490455	0.009804659607680087	0.0004864041640303384	0.0001923805130325845	
0.6306306306306306	0.026991844961515583	0.0	0.0001561646752600032	0.1874904636956799	6.895033448301306	5.151981778962888	0.01233867740782353	0.0007535186645796259	0.00024352963755250784	
0.6336336336336337	0.02575962883413499	0.0	2.2290760876666013e-05	0.16326598449272214	6.466377381925378	5.752378969154879	0.0162895717613402	0.0010206331651289135	0.00029467876207243113	
0.6366366366366366	0.02411244736598953	0.0	0.00011158315350666406	0.1467256895980849	5.997528950985038	6.352776159346847	0.022543743353183487	0.001287747665678191	0.0003458278865923526	
0.6396396396396397	0.022268078742916333	0.0	0.00024545706788999867	0.12817592588707558	5.350340305359539	6.866217965206794	0.02879791494502701	0.0019713662750587284	0.0003969770111122759	
0.6426426426426426	0.020163346866952692	0.0	0.00018436162617457372	0.10667354252404902	4.705060682219662	7.094485132229888	0.037293590356438054	0.0028108689910707387	0.00044812613563219734	
0.6456456456456456	0.017976193446645517	0.0	0.00010767374421431501	0.08551653888192581	4.143208749251336	7.32275229925299	0.04942452663372078	0.00365037170708278	0.0005260120815312951	
0.6486486486486487	0.015230890999736317	0.0	3.09858622540563e-05	0.06477755374480035	3.5813568162830114	7.551019466276092	0.06155546291100351	0.004774854794745966	0.0006283103305711422	
0.6516516516516516	0.012485588552827217	0.0	0.0	0.0503987418266727	3.2010986594514588	7.9845538823027695	0.08066778812105202	0.007369681371510362	0.0007306085796109854	
0.6546546546546547	0.012235800993090873	0.0	0.0	0.04238306045465589	2.8502007412264976	8.431252968259423	0.11107600172277407	0.009964507948274854	0.0008329068286508324	
0.6576576576576576	0.012510331237781783	0.0	0.0	0.03478522014801265	2.5955646783854345	8.87795205421606	0.14148421532449498	0.01255933452503925	0.0009352050776906757	
0.6606606606606606	0.010818553199999553	0.0	0.0	0.027532937001902208	2.382326712694958	9.066981070273979	0.18092568839738576	0.015268074725387713	0.0010375033267305226	
0.6636636636636637	0.007341170100581231	0.0	0.0	0.02315644152730178	2.1549651941443364	9.114682023508175	0.23494879128554885	0.01805369737397319	0.0011398015757703697	
0.6666666666666666	0.004614732117170579	0.0	0.0	0.02073901381193211	1.91546179256299	9.16238297674237	0.28897189417371	0.020839320022558564	0.001242099824810213	
0.6696696696696697	0.004523222035606939	0.0	0.0	0.016850678867040763	1.7004055511406697	9.217508435469911	0.36257469754623317	0.023784795938174206	0.00134439807385006	
0.6726726726726726	0.0044317119540433015	0.0	0.0	0.012143056473951138	1.525890935597467	9.286310466423373	0.467709478616013	0.03160743488283159	0.0014127684818903414	
0.6756756756756757	0.0041719159307615945	0.0	0.0	0.008400744731330546	1.3528469071983251	9.355112497376837	0.5728442596857968	0.039430073827489254	0.0013957187737170336	
0.6786786786786787	0.0038973856860706744	0.0	0.0	0.005092685752402977	1.1851841444962101	9.406168336776052	0.6960771075578954	0.04725271277214693	0.0013786690655437257	
0.6816816816816816	0.0032274951179218246	0.0	0.0	0.004410857626910144	1.019213036308062	9.168557684067952	0.8483877519282175	0.054701583031063	0.0013616193573704183	
0.6846846846846847	0.002312394302285424	0.0	0.0	0.004665323702212265	0.8834217709121354	8.930947031359842	1.000698396298545	0.061722878474072804	0.0013445696491971105	
0.6876876876876877	0.001570196215994168	0.0	0.0	0.003222638902315005	0.7476305055162087	8.693336378651733	1.1858189353351432	0.0687441739170826	0.0013275199410238026	
0.6906906906906907	0.0012041558897396213	0.0	0.0	0.0013141433375491898	0.6501569601597067	8.4901530935796	1.4235313710975324	0.07576546936009214	0.0013104702328504954	
0.6936936936936937	0.0008427323511121323	0.0	0.0	0.0006760979703322213	0.5573454989487521	8.29760575939068	1.6612438068599302	0.08784150799246936	0.0012934205246771875	
0.6966966966966966	0.0008427323511121323	0.0	0.0	0.0002943988573790206	0.48188846638649857	8.105058425201763	1.9593809796210675	0.10047220794701368	0.0012763708165038801	
0.6996996996996997	0.0008427323511121323	0.0	0.0	0.00047224622026588133	0.41285085821502193	7.907678003720038	2.354148603720019	0.1131029079015585	0.0012588001782879313	
0.7027027027027027	0.0007777309972924808	0.0	0.0	0.000726712295568002	0.354317418637482	7.704848364710313	2.748916227818971	0.1267331227079867	0.0012303839979990847	
0.7057057057057057	0.0006862209157288442	0.0	0.0	0.0005378074723260972	0.3037590499465006	7.502018725700594	3.1736384345495106	0.14234024138293777	0.0012019678177102393	
0.7087087087087087	0.0005573724049963089	0.0	0.0	0.000313998796713605	0.26076179072174394	7.285608659413634	3.6461518813677225	0.1579473600578894	0.0011735516374213927	
0.7117117117117117	0.00037435224186903554	0.0	0.0	9.019012110112097e-05	0.22878647746338526	7.005661734247413	4.118665328185918	0.17355447873284047	0.0011451354571325473	
0.7147147147147147	0.000203993642292359	0.0	0.0	0.0	0.1971422675347459	6.725714809081183	4.593841527594037	0.19307203577291465	0.0011167192768437007	
0.7177177177177178	0.0001407254477644203	0.0	0.0	0.0	0.1665165616541665	6.445767883914953	5.073256129272275	0.2137543299583019	0.0010883030965548543	
0.7207207207207207	7.745725323648391e-05	0.0	0.0	0.0	0.1365432161833341	5.980582208423568	5.552670730950496	0.23443662414368838	0.001059886916266009	
0.7237237237237237	1.4189058708545196e-05	0.0	0.0	0.0	0.11370370671307611	5.4906527365461635	5.948880059905494	0.2556826838803405	0.0010314707359771623	
0.7267267267267267	0.0	0.0	0.0	0.0	0.09086419724281901	5.0007232646687765	6.212957063843843	0.2791124414999484	0.001003054555688317	
0.7297297297297297	0.0	0.0	0.0	0.0	0.0716629120000607	4.5653599879137055	6.477034067782203	0.3025421991195572	0.001002169703144913	
0.7327327327327328	0.0	0.0	0.0	0.0	0.05276840871102589	4.168194787789676	6.715846730201477	0.325971956739166	0.0010078529392026823	
0.7357357357357357	0.0	0.0	0.0	0.0	0.042955615815242924	3.7710295876656614	6.914632339331876	0.36578590808761685	0.0010135361752604513	
0.7387387387387387	0.0	0.0	0.0	0.0	0.03599994702202809	3.3966904812179206	7.113417948462282	0.4148204985455929	0.0010192194113182206	
0.7417417417417418	0.0	0.0	0.0	0.0	0.02879547804233734	3.0770896239817134	7.317405713370093	0.463855089003569	0.00102490264737599	
0.7447447447447447	0.0	0.0	0.0	0.0	0.021424545440571305	2.757488766745518	7.529616225314018	0.5130433559679058	0.001030585883433759	
0.7477477477477478	0.0	0.0	0.0	0.0	0.016506762558543466	2.437903401304349	7.74182673725795	0.5641385440015498	0.0010362691194915283	
0.7507507507507507	0.0	0.0	0.0	0.0	0.014741891372205308	2.1628741001829095	7.826873307066391	0.6152337320351919	0.0010419523555492975	
0.7537537537537538	0.0	0.0	0.0	0.0	0.01269044668178167	1.8878447990614602	7.711386793706597	0.6663289200688359	0.0010476355916070668	
0.7567567567567568	0.0	0.0	0.0	0.0	0.009887415974068137	1.612815497940011	7.595900280346804	0.7383732706945785	0.0010888863175281403	
0.7597597597597597	0.0	0.0	0.0	0.0	0.007238903296299138	1.3932099743136603	7.615867262100582	0.8306040918128059	0.0011570851502213694	
0.7627627627627628	0.0	0.0	0.0	0.0	0.005785479966373373	1.1966391295426864	7.848942984441496	0.9228349129310369	0.001225283982914601	
0.7657657657657657	0.0	0.0	0.0	0.0	0.004332056636447664	1.0000682847717197	8.082018706782403	1.0150657340492644	0.00129348281560783	
0.7687687687687688	0.0	0.0	0.0	0.0	0.003274355731865475	0.818323029914519	8.135030087794231	1.1061438876564194	0.0013616816483010617	
0.7717717717717718	0.0	0.0	0.0	0.0	0.002236196210490081	0.6576955463434303	7.905404942883355	1.1971536139149974	0.0014298804809942936	
0.7747747747747747	0.0	0.0	0.0	0.0	0.0013623552055760963	0.4970680627723475	7.6757797979724876	1.2881633401735721	0.0014980793136875226	
0.7777777777777778	0.0	0.0	0.0	0.0	0.000531827588475695	0.3470440320836028	7.473805710165973	1.3783061177559672	0.0015662781463807542	
0.7807807807807807	0.0	0.0	0.0	0.0	0.00015901534225460027	0.2758726004539972	7.315133063659121	1.467026291152696	0.0016344769790739835	
0.7837837837837838	0.0	0.0	0.0	0.0	5.5199390117057634e-05	0.20470116882438893	7.156460417152263	1.5557464645494277	0.0018022236826379376	
0.7867867867867868	0.0	0.0	0.0	0.0	9.723312404097326e-05	0.13352973719478067	6.955200272566509	1.6444666379461597	0.0021716340263929425	
0.7897897897897898	0.0	0.0	0.0	0.0	0.0003048650283160579	0.1013604582872309	6.68740311483646	1.7690341349887	0.0025410443701479333	
0.7927927927927928	0.0	0.0	0.0	0.0	0.00040746417103828836	0.07748762883358173	6.419605957106401	1.9018282009760559	0.0029104547139029383	
0.7957957957957957	0.0	0.0	0.0	0.0	0.00027268744288201185	0.05361479937993342	6.25294991816561	2.0346222669634066	0.003279865057657929	
0.7987987987987988	0.0	0.0	0.0	0.0	0.00013791071472573035	0.038211197644725366	6.243946067684198	2.1620023937165618	0.0036492754014129337	
0.8018018018018018	0.0	0.0	0.0	0.0	3.133986569448801e-06	0.0302982934999762	6.234942217202786	2.272969389087608	0.004018685745167939	
0.8048048048048048	0.0	0.0	0.0	0.0	0.0	0.022385389355227325	6.081545052837645	2.38393638445865	0.004388096088922929	
0.8078078078078078	0.0	0.0	0.0	0.0	0.0	0.015657738134737583	5.703598993709919	2.4949033798296965	0.004757506432677934	
0.8108108108108109	0.0	0.0	0.0	0.0	0.0	0.012751869381016245	5.325652934582193	2.6409108908301206	0.00513110169851048	
0.8138138138138138	0.0	0.0	0.0	0.0	0.0	0.009846000627295015	5.06485542780101	2.8032020295209876	0.005545977930727616	
0.8168168168168168	0.0	0.0	0.0	0.0	0.0	0.006940131873573679	4.98581563854547	2.965493168211861	0.005960854162944768	
0.8198198198198198	0.0	0.0	0.0	0.0	0.0	0.005888756507064997	4.906775849289933	3.138193002874554	0.0063757303951619045	
0.8228228228228228	0.0	0.0	0.0	0.0	0.0	0.004949937371247293	4.774813640322994	3.3891279965334378	0.006790606627379055	
0.8258258258258259	0.0	0.0	0.0	0.0	0.0	0.004011118235429589	4.560931754936413	3.6400629901923214	0.007205482859596207	
0.8288288288288288	0.0	0.0	0.0	0.0	0.0	0.0036234295428743805	4.34704986954984	3.8909979838511957	0.0076203590918133435	
0.8318318318318318	0.0	0.0	0.0	0.0	0.0	0.0035340181966060425	4.088414036547446	4.107612859990584	0.008035235324030495	
0.8348348348348348	0.0	0.0	0.0	0.0	0.0	0.003444606850337708	3.760663095971451	4.296386493450185	0.008450111556247631	
0.8378378378378378	0.0	0.0	0.0	0.0	0.0	0.0030854708879797616	3.432912155395443	4.485160126909792	0.008864987788464783	
0.8408408408408409	0.0	0.0	0.0	0.0	0.0	0.00223606309843042	3.13317178447752	4.673933760369399	0.009265310406094105	
0.8438438438438438	0.0	0.0	0.0	0.0	0.0	0.0013866553088811092	2.876589003394894	4.861427099643062	0.009663136930137947	
0.8468468468468469	0.0	0.0	0.0	0.0	0.0	0.0005972072508202073	2.6200062223122584	5.048903319814296	0.010060963454181802	
0.8498498498498498	0.0	0.0	0.0	0.0	0.0	0.0007313242702227301	2.38843462172985	5.236379539985523	0.010458789978225642	
0.8528528528528528	0.0	0.0	0.0	0.0	0.0	0.000865441289625258	2.195310116195534	5.391414339754185	0.010856616502269498	
0.8558558558558559	0.0	0.0	0.0	0.0	0.0	0.000999558309027786	2.002185610661218	5.501923424552878	0.011254443026313354	
0.8588588588588588	0.0	0.0	0.0	0.0	0.0	0.0010308041166483604	1.8314474056770034	5.612432509351567	0.011652269550357195	
0.8618618618618619	0.0	0.0	0.0	0.0	0.0	0.0010308041166483604	1.695041766648002	5.72294159415026	0.012050096074401051	
0.8648648648648649	0.0	0.0	0.0	0.0	0.0	0.0010308041166483604	1.5586361276190006	5.689108011920857	0.012447922598444907	
0.8678678678678678	0.0	0.0	0.0	0.0	0.0	0.0009250556547479804	1.4413877882419655	5.631029687658555	0.015981713514252135	
0.8708708708708709	0.0	0.0	0.0	0.0	0.0	0.0007015272890771005	1.3534519790497515	5.57295136339625	0.021477402782115053	
0.8738738738738738	0.0	0.0	0.0	0.0	0.0	0.00047799892340622885	1.2655161698575408	5.561536515773044	0.026973092049977766	
0.8768768768768769	0.0	0.0	0.0	0.0	0.0	0.0003265513852308713	1.182872526463985	5.663879528697785	0.03246878131784068	
0.8798798798798799	0.0	0.0	0.0	0.0	0.0	0.0005053740777675735	1.1083077048129537	5.7662225416225255	0.0379644705857036	
0.8828828828828829	0.0	0.0	0.0	0.0	0.0	0.0006841967703042689	1.0337428831619255	5.868565554547262	0.04346015985356631	
0.8858858858858859	0.0	0.0	0.0	0.0	0.0	0.0008630194628409711	0.9630458850173256	5.8913630131597845	0.048955849121429224	
0.8888888888888888	0.0	0.0	0.0	0.0	0.0	0.0006856766735997532	0.8982397276604599	5.884074603216225	0.05445153838929194	
0.8918918918918919	0.0	0.0	0.0	0.0	0.0	0.0004621483079288738	0.8334335703035918	5.876786193272666	0.05994722765715485	
0.8948948948948949	0.0	0.0	0.0	0.0	0.0	0.00023861994225799442	0.7826437599550686	5.8665867746321645	0.06980395457310326	
0.8978978978978979	0.0	0.0	0.0	0.0	0.0	0.00025299065443987564	0.753152105983194	5.841134578651271	0.08687639569064161	
0.9009009009009009	0.0	0.0	0.0	0.0	0.0	0.0004318133469765772	0.7236604520113185	5.815682382670377	0.1039488368081806	
0.9039039039039038	0.0	0.0	0.0	0.0	0.0	0.0006106360395132722	0.6900544654655439	5.7902301866894845	0.12102127792571896	
0.9069069069069069	0.0	0.0	0.0	0.0	0.0	0.0006831185774476832	0.6502110792037131	5.739305153197349	0.13809371904325796	
0.9099099099099099	0.0	0.0	0.0	0.0	0.0	0.0005042958849109795	0.6103676929418823	5.671038318699807	0.15516616016079693	
0.9129129129129129	0.0	0.0	0.0	0.0	0.0	0.0003254731923742826	0.575910422285948	5.602771484202267	0.1722386012783353	
0.9159159159159159	0.0	0.0	0.0	0.0	0.0	0.00014740953872781037	0.5495997693823303	5.533372169738689	0.18931104239587426	
0.9189189189189189	0.0	0.0	0.0	0.0	0.0	0.0001921152118619845	0.5232891164787137	5.426907961662621	0.20638348351341262	
0.9219219219219219	0.0	0.0	0.0	0.0	0.0	0.00023682088499616028	0.4881682030378205	5.320443753586548	0.22625875016254765	
0.924924924924925	0.0	0.0	0.0	0.0	0.0	0.00028152655813033604	0.43975228847337655	5.213979545510475	0.2636032942981497	
0.9279279279279279	0.0	0.0	0.0	0.0	0.0	0.0003262322312645091	0.3913363739089344	5.0964056198239795	0.30094783843375045	
0.9309309309309309	0.0	0.0	0.0	0.0	0.0	0.0003709379043986834	0.3484506503032196	4.966015584341578	0.33829238256935257	
0.933933933933934	0.0	0.0	0.0	0.0	0.0	0.00041564357753285763	0.3138909607310475	4.835625548859176	0.37563692670495463	
0.9369369369369369	0.0	0.0	0.0	0.0	0.0	0.0004046210772138162	0.27933127115887674	4.7052355133767785	0.41298147084055536	
0.93993993993994	0.0	0.0	0.0	0.0	0.0	0.0003152097309454672	0.2477021184512669	4.609975177334623	0.45032601497615743	
0.9429429429429429	0.0	0.0	0.0	0.0	0.0	0.00022579838467712144	0.22047490591781393	4.51866017736112	0.48767055911175816	
0.9459459459459459	0.0	0.0	0.0	0.0	0.0	0.0001418223846792689	0.19324769338435996	4.427345177387614	0.5250151032473602	
0.948948948948949	0.0	0.0	0.0	0.0	0.0	9.711671154509315e-05	0.16701306322066456	4.314432241556413	0.5623596473829624	
0.9519519519519519	0.0	0.0	0.0	0.0	0.0	5.241103841091903e-05	0.1422659532150087	4.158399214021271	0.6422616936689556	
0.954954954954955	0.0	0.0	0.0	0.0	0.0	7.705365276743255e-06	0.11751884320935194	4.002366186486125	0.7269021282773138	
0.9579579579579579	0.0	0.0	0.0	0.0	0.0	0.0	0.0968123712386246	3.8463331589509826	0.8115425628856688	
0.960960960960961	0.0	0.0	0.0	0.0	0.0	0.0	0.08214741716119836	3.758884596380763	0.8961829974940271	
0.963963963963964	0.0	0.0	0.0	0.0	0.0	0.0	0.06748246308377212	3.6921059712434414	0.9808234321023853	
0.9669669669669669	0.0	0.0	0.0	0.0	0.0	0.0	0.05437540918269182	3.6253273461061224	1.0654638667107403	
0.96996996996997	0.0	0.0	0.0	0.0	0.0	0.0	0.04359235471399607	3.5217807468973987	1.1501043013190988	
0.9729729729729729	0.0	0.0	0.0	0.0	0.0	0.0	0.03280930024530071	3.273974808816407	1.2347447359274537	
0.975975975975976	0.0	0.0	0.0	0.0	0.0	0.0	0.024777994765365078	3.0261688707354057	1.319385170535812	
0.978978978978979	0.0	0.0	0.0	0.0	0.0	0.0	0.020842179884291004	2.778362932654405	1.4376284604406193	
0.9819819819819819	0.0	0.0	0.0	0.0	0.0	0.0	0.01690636500321708	2.6106287361266003	1.5730770254054296	
0.984984984984985	0.0	0.0	0.0	0.0	0.0	0.0	0.013512978304518456	2.488366613303747	1.708525590370245	
0.9879879879879879	0.0	0.0	0.0	0.0	0.0	0.0	0.010925045232031753	2.3661044904808977	1.843974155335055	
0.990990990990991	0.0	0.0	0.0	0.0	0.0	0.0	0.008337112159544954	2.245012470362798	1.9794227202998704	
0.993993993993994	0.0	0.0	0.0	0.0	0.0	0.0	0.0064227142183128265	2.1388916952160097	2.1148712852646856	
0.996996996996997	0.0	0.0	0.0	0.0	0.0	0.0	0.00550615458847372	2.0327709200692254	2.250319850229496	
1.0	0.0	0.0	0.0	0.0	0.0	0.0	0.00458959495863458	1.9266501449224371	2.385768415194311	
1.003003003003003	0.0	0.0	0.0	0.0	0.0	0.0	0.0037165488330770024	1.7587523609915854	2.521216980159126	
1.006006006006006	0.0	0.0	0.0	0.0	0.0	0.0	0.0029078197479248205	1.5308273735943052	2.63657176520479	
1.009009009009009	0.0	0.0	0.0	0.0	0.0	0.0	0.0020990906627726983	1.3029023861970417	2.724508476726645	
1.012012012012012	0.0	0.0	0.0	0.0	0.0	0.0	0.0014646540941298334	1.0749773987997615	2.8124451882485064	
1.015015015015015	0.0	0.0	0.0	0.0	0.0	0.0	0.0010872471877254818	0.9545165956346854	2.900381899770368	
1.018018018018018	0.0	0.0	0.0	0.0	0.0	0.0	0.0007098402813211303	0.8406876591863315	2.9883186112922293	
1.021021021021021	0.0	0.0	0.0	0.0	0.0	0.0	0.00046333163683609226	0.7268587227379777	3.0762553228140908	
1.024024024024024	0.0	0.0	0.0	0.0	0.0	0.0	0.0004094163644926148	0.623275228111963	3.164192034335946	
1.027027027027027	0.0	0.0	0.0	0.0	0.0	0.0	0.0003555010921491333	0.5366538115052643	3.2521287458578074	
1.03003003003003	0.0	0.0	0.0	0.0	0.0	0.0	0.00027973963039621883	0.45003239489856545	3.340065457379669	
1.033033033033033	0.0	0.0	0.0	0.0	0.0	0.0	0.00017190908570926654	0.36341097829186664	3.402769947372712	
1.0360360360360361	0.0	0.0	0.0	0.0	0.0	0.0	6.407854102231426e-05	0.2969425575321705	3.3539282166922457	
1.039039039039039	0.0	0.0	0.0	0.0	0.0	0.0	2.18760018323161e-05	0.23516278947655966	3.3050864860117835	
1.042042042042042	0.0	0.0	0.0	0.0	0.0	0.0	7.57912741757949e-05	0.17338302142094428	3.256244755331317	
1.045045045045045	0.0	0.0	0.0	0.0	0.0	0.0	0.0001297065465192737	0.12212413851288544	3.2074030246508514	
1.048048048048048	0.0	0.0	0.0	0.0	0.0	0.0	0.00014198467429025975	0.10312084975952268	3.158561293970385	
1.0510510510510511	0.0	0.0	0.0	0.0	0.0	0.0	9.34213095432475e-05	0.08411756100615994	3.1097195632899193	
1.054054054054054	0.0	0.0	0.0	0.0	0.0	0.0	4.485794479623885e-05	0.0651142722527986	3.0608778326094566	
1.057057057057057	0.0	0.0	0.0	0.0	0.0	0.0	0.0	0.05530534301599617	3.0120361019289907	
1.06006006006006	0.0	0.0	0.0	0.0	0.0	0.0	0.0	0.049810416147553604	2.9631943712485245	
1.063063063063063	0.0	0.0	0.0	0.0	0.0	0.0	0.0	0.04431548927911104	2.928385319503775	
1.0660660660660661	0.0	0.0	0.0	0.0	0.0	0.0	0.0	0.03890858344822575	2.8943768349340835	
1.069069069069069	0.0	0.0	0.0	0.0	0.0	0.0	0.0	0.03417684086706709	2.860368350364394	
1.072072072072072	0.0	0.0	0.0	0.0	0.0	0.0	0.0	0.029445098285908085	2.8263598657947027	
1.075075075075075	0.0	0.0	0.0	0.0	0.0	0.0	0.0	0.024713355704749078	2.792351381225011	
1.078078078078078	0.0	0.0	0.0	0.0	0.0	0.0	0.0	0.021429823151144563	2.7583428966553196	
1.0810810810810811	0.0	0.0	0.0	0.0	0.0	0.0	0.0	0.01933106636111459	2.724334412085628	
1.084084084084084	0.0	0.0	0.0	0.0	0.0	0.0	0.0	0.017232309571084774	2.6903259275159392	
1.087087087087087	0.0	0.0	0.0	0.0	0.0	0.0	0.0	0.015133552781054802	2.6563174429462477	
1.09009009009009	0.0	0.0	0.0	0.0	0.0	0.0	0.0	0.01570269556730062	2.632104988619215	
1.093093093093093	0.0	0.0	0.0	0.0	0.0	0.0	0.0	0.01631324299712757	2.611940867086249	
1.0960960960960962	0.0	0.0	0.0	0.0	0.0	3.18530387327588e-05	0.0	0.01692379042695452	2.591776745553284	
1.0990990990990992	0.0	0.0	0.0	0.0	0.0	7.655871186693357e-05	0.0	0.017790407220813632	2.5716126240203185	
1.102102102102102	0.0	0.0	0.0	0.0	0.0	0.00012126438500110504	0.0	0.01901150208046732	2.5514485024873546	
1.105105105105105	0.0	0.0	0.0	0.0	0.0	0.000128748045655562	0.0	0.020232596940121098	2.5312843809543892	
1.1081081081081081	0.0	0.0	0.0	0.0	0.0	8.452650482980591e-05	0.0	0.021453691799774875	2.5111202594214235	
1.1111111111111112	0.0	0.0	0.0	0.0	0.0	4.030496400404983e-05	0.0	0.02342439885288569	2.490956137888458	
1.1141141141141142	0.0	0.0	0.0	0.0	0.0	0.0	0.0	0.02552315564291592	2.470792016355493	
1.117117117117117	0.0	0.0	0.0	0.0	0.0	0.0	0.0	0.027621912432945993	2.442858551802507	
1.12012012012012	0.0	0.0	0.0	0.0	0.0	0.0	0.0	0.029136602895833648	2.4061334803972017	
1.1231231231231231	0.0	0.0	0.0	0.0	0.0	0.0	0.0	0.02921292132456202	2.3694084089918963	
1.1261261261261262	0.0	0.0	0.0	0.0	0.0	0.0	0.0	0.02928923975329039	2.3326833375865914	
1.1291291291291292	0.0	0.0	0.0	0.0	0.0	0.0	0.0	0.02936555818201876	2.295958266181286	
1.132132132132132	0.0	0.0	0.0	0.0	0.0	0.0	0.0	0.029994028983270173	2.2592331947759834	
1.135135135135135	0.0	0.0	0.0	0.0	0.0	0.0	0.0	0.030833531699282043	2.222508123370678	
1.1381381381381381	0.0	0.0	0.0	0.0	0.0	0.0	0.0	0.03167303441529391	2.185783051965373	
1.1411411411411412	0.0	0.0	0.0	0.0	0.0	0.0	0.0	0.03212623930678818	2.149057980560068	
1.1441441441441442	0.0	0.0	0.0	0.0	0.0	0.0	0.0	0.030523552303492654	2.111253901857495	
1.147147147147147	0.0	0.0	0.0	0.0	0.0	0.0	0.0	0.028920865300197246	2.069851527176649	
1.15015015015015	0.0	0.0	0.0	0.0	0.0	0.0	0.0	0.027318178296901717	2.0284491524957993	
1.1531531531531531	0.0	0.0	0.0	0.0	0.0	0.0	0.0	0.026756167820299014	1.98704677781495	
1.1561561561561562	0.0	0.0	0.0	0.0	0.0	0.0	0.0	0.026908804677755596	1.9456444031341007	
1.1591591591591592	0.0	0.0	0.0	0.0	0.0	0.0	0.0	0.027061441535212175	1.9042420284532513	
1.162162162162162	0.0	0.0	0.0	0.0	0.0	0.0	0.0	0.02713625350759563	1.8628396537724048	
1.165165165165165	0.0	0.0	0.0	0.0	0.0	0.0	0.0	0.024465108502102928	1.8214372790915556	
1.1681681681681682	0.0	0.0	0.0	0.0	0.0	0.0	0.0	0.021793963496610228	1.7800349044107062	
1.1711711711711712	0.0	0.0	0.0	0.0	0.0	0.0	0.0	0.01912281849111753	1.7386325297298568	
1.1741741741741742	0.0	0.0	0.0	0.0	0.0	0.0	0.0	0.01703376665273846	1.7262154147185302	
1.177177177177177	0.0	0.0	0.0	0.0	0.0	0.0	0.0	0.015621875721263738	1.7140248733746146	
1.1801801801801801	0.0	0.0	0.0	0.0	0.0	0.0	0.0	0.014209984789788913	1.701834332030698	
1.1831831831831832	0.0	0.0	0.0	0.0	0.0	0.0	0.0	0.012798093858314086	1.6896437906867814	
1.1861861861861862	0.0	0.0	0.0	0.0	0.0	0.0	0.0	0.011078162751684119	1.6774532493428649	
1.1891891891891893	0.0	0.0	0.0	0.0	0.0	0.0	0.0	0.009322838890931596	1.6652627079989484	
1.192192192192192	0.0	0.0	0.0	0.0	0.0	0.0	0.0	0.0075675150301792015	1.6530721666550328	
1.1951951951951951	0.0	0.0	0.0	0.0	0.0	0.0	0.0	0.006090600531652691	1.640881625311116	
1.1981981981981982	0.0	0.0	0.0	0.0	0.0	0.0	0.0	0.005174779386912319	1.6286910839671995	
1.2012012012012012	0.0	0.0	0.0	0.0	0.0	0.0	0.0	0.004258958242171948	1.6109013426996823	
1.2042042042042043	0.0	0.0	0.0	0.0	0.0	0.0	0.0	0.003343137097431576	1.5912828118282643	
1.207207207207207	0.0	0.0	0.0	0.0	0.0	0.0	0.0	0.0026027707742295077	1.5716642809568475	
1.2102102102102101	0.0	0.0	0.0	0.0	0.0	0.0	0.0	0.001915904915674183	1.5520457500854294	
1.2132132132132132	0.0	0.0	0.0	0.0	0.0	0.0	0.0	0.0012290390571188584	1.5324272192140114	
1.2162162162162162	0.0	0.0	0.0	0.0	0.0	0.0	0.0	0.0006725760359147976	1.5128086883425933	
1.2192192192192193	0.0	0.0	0.0	0.0	0.0	0.0	0.0	0.000634416821550618	1.4931901574711752	
1.2222222222222223	0.0	0.0	0.0	0.0	0.0	0.0	0.0	0.0005962576071864382	1.4735716265997572	
1.2252252252252251	0.0	0.0	0.0	0.0	0.0	0.0	0.0	0.0005580983928222612	1.4539530957283406	
1.2282282282282282	0.0	0.0	0.0	0.0	0.0	0.0	0.0	0.0004403077605129296	1.43057683405384	
1.2312312312312312	0.0	0.0	0.0	0.0	0.0	0.0	0.0	0.00027688510800767327	1.4036667113203025	
1.2342342342342343	0.0	0.0	0.0	0.0	0.0	0.0	0.0	0.00011346245550241692	1.3767565885867648	
1.2372372372372373	0.0	0.0	0.0	0.0	0.0	0.0	0.0	0.0	1.3498464658532272	
1.2402402402402402	0.0	0.0	0.0	0.0	0.0	0.0	0.0	0.0	1.3229363431196914	
1.2432432432432432	0.0	0.0	0.0	0.0	0.0	0.0	0.0	0.0	1.296026220386154	
1.2462462462462462	0.0	0.0	0.0	0.0	0.0	0.0	0.0	0.0	1.2691160976526161	
1.2492492492492493	0.0	0.0	0.0	0.0	0.0	0.0	0.0	0.0	1.2422059749190786	
1.2522522522522523	0.0	0.0	0.0	0.0	0.0	0.0	0.0	0.0	1.2152958521855408	
1.2552552552552552	0.0	0.0	0.0	0.0	0.0	0.0	0.0	0.0	1.1926882695788392	
1.2582582582582582	0.0	0.0	0.0	0.0	0.0	0.0	0.0	0.0	1.1813161142272428	
1.2612612612612613	0.0	0.0	0.0	0.0	0.0	0.0	0.0	0.0	1.1699439588756466	
1.2642642642642643	0.0	0.0	0.0	0.0	0.0	0.0	0.0	0.0	1.1585718035240502	
1.2672672672672673	0.0	0.0	0.0	0.0	0.0	0.0	0.0	0.0	1.1471996481724538	
1.2702702702702702	0.0	0.0	0.0	0.0	0.0	0.0	0.0	0.0	1.1358274928208583	
1.2732732732732732	0.0	0.0	0.0	0.0	0.0	0.0	0.0	0.0	1.1244553374692619	
1.2762762762762763	0.0	0.0	0.0	0.0	0.0	0.0	0.0	0.0	1.1130831821176654	
1.2792792792792793	0.0	0.0	0.0	0.0	0.0	0.0	0.0	0.0	1.101711026766069	
1.2822822822822824	0.0	0.0	0.0	0.0	0.0	0.0	0.0	0.0	1.0900427093919343	
1.2852852852852852	0.0	0.0	0.0	0.0	0.0	0.0	0.0	0.0	1.0709697691820619	
1.2882882882882882	0.0	0.0	0.0	0.0	0.0	0.0	0.0	0.0	1.051896828972188	
1.2912912912912913	0.0	0.0	0.0	0.0	0.0	0.0	0.0	0.0	1.0328238887623142	
1.2942942942942943	0.0	0.0	0.0	0.0	0.0	0.0	0.0	0.0	1.0137509485524405	
1.2972972972972974	0.0	0.0	0.0	0.0	0.0	0.0	0.0	0.0	0.9946780083425668	
1.3003003003003002	0.0	0.0	0.0	0.0	0.0	0.0	0.0	0.0	0.9756050681326944	
1.3033033033033032	0.0	0.0	0.0	0.0	0.0	0.0	0.0	0.0	0.9565321279228207	
1.3063063063063063	0.0	0.0	0.0	0.0	0.0	0.0	0.0	0.0	0.9374591877129469	
1.3093093093093093	0.0	0.0	0.0	0.0	0.0	0.0	0.0	0.0	0.9183862475030731	
1.3123123123123124	0.0	0.0	0.0	0.0	0.0	0.0	0.0	0.0	0.9065834156118396	
1.3153153153153152	0.0	0.0	0.0	0.0	0.0	0.0	0.0	0.0	0.8965979698583397	
1.3183183183183182	0.0	0.0	0.0	0.0	0.0	0.0	0.0	0.0	0.886612524104839	
1.3213213213213213	0.0	0.0	0.0	0.0	0.0	0.0	0.0	0.0	0.8766270783513384	
1.3243243243243243	0.0	0.0	0.0	0.0	0.0	0.0	0.0	0.0	0.8666416325978377	
1.3273273273273274	0.0	0.0	0.0	0.0	0.0	0.0	0.0	0.0	0.8566561868443371	
1.3303303303303302	0.0	0.0	0.0	0.0	0.0	0.0	0.0	0.0	0.8466707410908371	
1.3333333333333333	0.0	0.0	0.0	0.0	0.0	0.0	0.0	0.0	0.8366852953373365	
1.3363363363363363	0.0	0.0	0.0	0.0	0.0	0.0	0.0	0.0	0.8266998495838358	
1.3393393393393394	0.0	0.0	0.0	0.0	0.0	0.0	0.0	0.0	0.8178314333475757	
1.3423423423423424	0.0	0.0	0.0	0.0	0.0	0.0	0.0	0.0	0.8098351202142943	
1.3453453453453452	0.0	0.0	0.0	0.0	0.0	0.0	0.0	0.0	0.8018388070810134	
1.3483483483483483	0.0	0.0	0.0	0.0	0.0	0.0	0.0	0.0	0.793842493947732	
1.3513513513513513	0.0	0.0	0.0	0.0	0.0	0.0	0.0	0.0	0.7858461808144507	
1.3543543543543544	0.0	0.0	0.0	0.0	0.0	0.0	0.0	0.0	0.7778498676811693	
1.3573573573573574	0.0	0.0	0.0	0.0	0.0	0.0	0.0	0.0	0.7698535545478878	
1.3603603603603605	0.0	0.0	0.0	0.0	0.0	0.0	0.0	0.0	0.7618572414146064	
1.3633633633633633	0.0	0.0	0.0	0.0	0.0	0.0	0.0	0.0	0.7538609282813256	
1.3663663663663663	0.0	0.0	0.0	0.0	0.0	0.0	0.0	0.0	0.7454569417957994	
1.3693693693693694	0.0	0.0	0.0	0.0	0.0	0.0	0.0	0.0	0.7361989502576927	
1.3723723723723724	0.0	0.0	0.0	0.0	0.0	0.0	0.0	0.0	0.7269409587195859	
1.3753753753753755	0.0	0.0	0.0	0.0	0.0	0.0	0.0	0.0	0.7176829671814791	
1.3783783783783783	0.0	0.0	0.0	0.0	0.0	0.0	0.0	0.0	0.708424975643373	
1.3813813813813813	0.0	0.0	0.0	0.0	0.0	0.0	0.0	0.0	0.6991669841052662	
1.3843843843843844	0.0	0.0	0.0	0.0	0.0	0.0	0.0	0.0	0.6899089925671594	
1.3873873873873874	0.0	0.0	0.0	0.0	0.0	0.0	0.0	0.0	0.6806510010290527	
1.3903903903903905	0.0	0.0	0.0	0.0	0.0	0.0	0.0	0.0	0.6713930094909459	
1.3933933933933933	0.0	0.0	0.0	0.0	0.0	0.0	0.0	0.0	0.66279910154829	
1.3963963963963963	0.0	0.0	0.0	0.0	0.0	0.0	0.0	0.0	0.661383975769906	
1.3993993993993994	0.0	0.0	0.0	0.0	0.0	0.0	0.0	0.0	0.659968849991522	
1.4024024024024024	0.0	0.0	0.0	0.0	0.0	0.0	0.0	0.0	0.6585537242131381	
1.4054054054054055	0.0	0.0	0.0	0.0	0.0	0.0	0.0	0.0	0.6571385984347541	
1.4084084084084083	0.0	0.0	0.0	0.0	0.0	0.0	0.0	0.0	0.6557234726563702	
1.4114114114114114	0.0	0.0	0.0	0.0	0.0	0.0	0.0	0.0	0.6543083468779862	
1.4144144144144144	0.0	0.0	0.0	0.0	0.0	0.0	0.0	0.0	0.6528932210996022	
1.4174174174174174	0.0	0.0	0.0	0.0	0.0	0.0	0.0	0.0	0.6514780953212183	
1.4204204204204205	0.0	0.0	0.0	0.0	0.0	0.0	0.0	0.0	0.6500629695428343	
1.4234234234234233	0.0	0.0	0.0	0.0	0.0	0.0	0.0	0.0	0.6456324066454867	
1.4264264264264264	0.0	0.0	0.0	0.0	0.0	0.0	0.0	0.0	0.6406538918588808	
1.4294294294294294	0.0	0.0	0.0	0.0	0.0	0.0	0.0	0.0	0.6356753770722748	
1.4324324324324325	0.0	0.0	0.0	0.0	0.0	0.0	0.0	0.0	0.6306968622856689	
1.4354354354354355	0.0	0.0	0.0	0.0	0.0	0.0	0.0	0.0	0.6257183474990631	
1.4384384384384383	0.0	0.0	0.0	0.0	0.0	0.0	0.0	0.0	0.6207398327124575	
1.4414414414414414	0.0	0.0	0.0	0.0	0.0	0.0	0.0	0.0	0.6157613179258516	
1.4444444444444444	0.0	0.0	0.0	0.0	0.0	0.0	0.0	0.0	0.6107828031392457	
1.4474474474474475	0.0	0.0	0.0	0.0	0.0	0.0	0.0	0.0	0.6058042883526398	
1.4504504504504505	0.0	0.0	0.0	0.0	0.0	0.0	0.0	0.0	0.6022972470657074	
1.4534534534534533	0.0	0.0	0.0	0.0	0.0	0.0	0.0	0.0	0.5997397908397114	
1.4564564564564564	0.0	0.0	0.0	0.0	0.0	0.0	0.0	0.0	0.5971823346137153	
1.4594594594594594	0.0	0.0	0.0	0.0	0.0	0.0	0.0	0.0	0.594624878387719	
1.4624624624624625	0.0	0.0	0.0	0.0	0.0	0.0	0.0	0.0	0.5920674221617229	
1.4654654654654655	0.0	0.0	0.0	0.0	0.0	0.0	0.0	0.0	0.5895099659357267	
1.4684684684684683	0.0	0.0	0.0	0.0	0.0	0.0	0.0	0.0	0.5869525097097307	
1.4714714714714714	0.0	0.0	0.0	0.0	0.0	0.0	0.0	0.0	0.5843950534837346	
1.4744744744744744	0.0	0.0	0.0	0.0	0.0	0.0	0.0	0.0	0.5818375972577383	
1.4774774774774775	0.0	0.0	0.0	0.0	0.0	0.0	0.0	0.0	0.5788792288439666	
1.4804804804804805	0.0	0.0	0.0	0.0	0.0	0.0	0.0	0.0	0.5752362745309365	
1.4834834834834836	0.0	0.0	0.0	0.0	0.0	0.0	0.0	0.0	0.5715933202179064	
1.4864864864864864	0.0	0.0	0.0	0.0	0.0	0.0	0.0	0.0	0.5679503659048766	
1.4894894894894894	0.0	0.0	0.0	0.0	0.0	0.0	0.0	0.0	0.5643074115918464	
1.4924924924924925	0.0	0.0	0.0	0.0	0.0	0.0	0.0	0.0	0.5606644572788163	
1.4954954954954955	0.0	0.0	0.0	0.0	0.0	0.0	0.0	0.0	0.5570215029657861	
1.4984984984984986	0.0	0.0	0.0	0.0	0.0	0.0	0.0	0.0	0.553378548652756	
1.5015015015015014	0.0	0.0	0.0	0.0	0.0	0.0	0.0	0.0	0.5497355943397262	
1.5045045045045045	0.0	0.0	0.0	0.0	0.0	0.0	0.0	0.0	0.5455399444420355	
1.5075075075075075	0.0	0.0	0.0	0.0	0.0	0.0	0.0	0.0	0.5376743457380827	
1.5105105105105106	0.0	0.0	0.0	0.0	0.0	0.0	0.0	0.0	0.52980874703413	
1.5135135135135136	0.0	0.0	0.0	0.0	0.0	0.0	0.0	0.0	0.5219431483301773	
1.5165165165165164	0.0	0.0	0.0	0.0	0.0	0.0	0.0	0.0	0.5140775496262251	
1.5195195195195195	0.0	0.0	0.0	0.0	0.0	0.0	0.0	0.0	0.5062119509222724	
1.5225225225225225	0.0	0.0	0.0	0.0	0.0	0.0	0.0	0.0	0.49834635221831974	
1.5255255255255256	0.0	0.0	0.0	0.0	0.0	0.0	0.0	0.0	0.490480753514367	
1.5285285285285286	0.0	0.0	0.0	0.0	0.0	0.0	0.0	0.0	0.4826151548104143	
1.5315315315315314	0.0	0.0	0.0	0.0	0.0	0.0	0.0	0.0	0.4747495561064622	
1.5345345345345345	0.0	0.0	0.0	0.0	0.0	0.0	0.0	0.0	0.4699220613454683	
1.5375375375375375	0.0	0.0	0.0	0.0	0.0	0.0	0.0	0.0	0.46546072104011943	
1.5405405405405406	0.0	0.0	0.0	0.0	0.0	0.0	0.0	0.0	0.4609993807347705	
1.5435435435435436	0.0	0.0	0.0	0.0	0.0	0.0	0.0	0.0	0.4565380404294216	
1.5465465465465464	0.0	0.0	0.0	0.0	0.0	0.0	0.0	0.0	0.452076700124073	
1.5495495495495495	0.0	0.0	0.0	0.0	0.0	0.0	0.0	0.0	0.4476153598187241	
1.5525525525525525	0.0	0.0	0.0	0.0	0.0	0.0	0.0	0.0	0.4431540195133752	
1.5555555555555556	0.0	0.0	0.0	0.0	0.0	0.0	0.0	0.0	0.43869267920802624	
1.5585585585585586	0.0	0.0	0.0	0.0	0.0	0.0	0.0	0.0	0.43423133890267734	
1.5615615615615615	0.0	0.0	0.0	0.0	0.0	0.0	0.0	0.0	0.42775548574366373	
1.5645645645645645	0.0	0.0	0.0	0.0	0.0	0.0	0.0	0.0	0.4202138314950036	
1.5675675675675675	0.0	0.0	0.0	0.0	0.0	0.0	0.0	0.0	0.4126721772463434	
1.5705705705705706	0.0	0.0	0.0	0.0	0.0	0.0	0.0	0.0	0.4051305229976832	
1.5735735735735736	0.0	0.0	0.0	0.0	0.0	0.0	0.0	0.0	0.39758886874902305	
1.5765765765765765	0.0	0.0	0.0	0.0	0.0	0.0	0.0	0.0	0.39004721450036345	
1.5795795795795795	0.0	0.0	0.0	0.0	0.0	0.0	0.0	0.0	0.3825055602517033	
1.5825825825825826	0.0	0.0	0.0	0.0	0.0	0.0	0.0	0.0	0.3749639060030431	
1.5855855855855856	0.0	0.0	0.0	0.0	0.0	0.0	0.0	0.0	0.3674222517543829	
1.5885885885885886	0.0	0.0	0.0	0.0	0.0	0.0	0.0	0.0	0.3623886877835739	
1.5915915915915915	0.0	0.0	0.0	0.0	0.0	0.0	0.0	0.0	0.3608826302282655	
1.5945945945945945	0.0	0.0	0.0	0.0	0.0	0.0	0.0	0.0	0.359376572672957	
1.5975975975975976	0.0	0.0	0.0	0.0	0.0	0.0	0.0	0.0	0.3578705151176484	
1.6006006006006006	0.0	0.0	0.0	0.0	0.0	0.0	0.0	0.0	0.35636445756233986	
1.6036036036036037	0.0	0.0	0.0	0.0	0.0	0.0	0.0	0.0	0.35485840000703134	
1.6066066066066067	0.0	0.0	0.0	0.0	0.0	0.0	0.0	0.0	0.3533523424517228	
1.6096096096096095	0.0	0.0	0.0	0.0	0.0	0.0	0.0	0.0	0.3518462848964144	
1.6126126126126126	0.0	0.0	0.0	0.0	0.0	0.0	0.0	0.0	0.3503402273411058	
1.6156156156156156	0.0	0.0	0.0	0.0	0.0	0.0	0.0	0.0	0.34858052662648864	
1.6186186186186187	0.0	0.0	0.0	0.0	0.0	0.0	0.0	0.0	0.34564229358462195	
1.6216216216216217	0.0	0.0	0.0	0.0	0.0	0.0	0.0	0.0	0.3427040605427552	
1.6246246246246245	0.0	0.0	0.0	0.0	0.0	0.0	0.0	0.0	0.3397658275008887	
1.6276276276276276	0.0	0.0	0.0	0.0	0.0	0.0	0.0	0.0	0.33682759445902194	
1.6306306306306306	0.0	0.0	0.0	0.0	0.0	0.0	0.0	0.0	0.3338893614171552	
1.6336336336336337	0.0	0.0	0.0	0.0	0.0	0.0	0.0	0.0	0.33095112837528845	
1.6366366366366367	0.0	0.0	0.0	0.0	0.0	0.0	0.0	0.0	0.3280128953334217	
1.6396396396396395	0.0	0.0	0.0	0.0	0.0	0.0	0.0	0.0	0.3250746622915552	
1.6426426426426426	0.0	0.0	0.0	0.0	0.0	0.0	0.0	0.0	0.3221364292496885	
1.6456456456456456	0.0	0.0	0.0	0.0	0.0	0.0	0.0	0.0	0.31840867391651945	
1.6486486486486487	0.0	0.0	0.0	0.0	0.0	0.0	0.0	0.0	0.3146293219381029	
1.6516516516516517	0.0	0.0	0.0	0.0	0.0	0.0	0.0	0.0	0.3108499699596863	
1.6546546546546546	0.0	0.0	0.0	0.0	0.0	0.0	0.0	0.0	0.30707061798127	
1.6576576576576576	0.0	0.0	0.0	0.0	0.0	0.0	0.0	0.0	0.30329126600285344	
1.6606606606606606	0.0	0.0	0.0	0.0	0.0	0.0	0.0	0.0	0.29951191402443683	
1.6636636636636637	0.0	0.0	0.0	0.0	0.0	0.0	0.0	0.0	0.2957325620460203	
1.6666666666666667	0.0	0.0	0.0	0.0	0.0	0.0	0.0	0.0	0.29195321006760366	
1.6696696696696696	0.0	0.0	0.0	0.0	0.0	0.0	0.0	0.0	0.2881738580891874	
1.6726726726726726	0.0	0.0	0.0	0.0	0.0	0.0	0.0	0.0	0.2847844935456795	
1.6756756756756757	0.0	0.0	0.0	0.0	0.0	0.0	0.0	0.0	0.2815620987009243	
1.6786786786786787	0.0	0.0	0.0	0.0	0.0	0.0	0.0	0.0	0.2783397038561691	
1.6816816816816818	0.0	0.0	0.0	0.0	0.0	0.0	0.0	0.0	0.2751173090114139	
1.6846846846846846	0.0	0.0	0.0	0.0	0.0	0.0	0.0	0.0	0.27189491416665895	
1.6876876876876876	0.0	0.0	0.0	0.0	0.0	0.0	0.0	0.0	0.2686725193219037	
1.6906906906906907	0.0	0.0	0.0	0.0	0.0	0.0	0.0	0.0	0.26545012447714855	
1.6936936936936937	0.0	0.0	0.0	0.0	0.0	0.0	0.0	0.0	0.2622277296323933	
1.6966966966966968	0.0	0.0	0.0	0.0	0.0	0.0	0.0	0.0	0.25900533478763815	
1.6996996996996996	0.0	0.0	0.0	0.0	0.0	0.0	0.0	0.0	0.25509799316238285	
1.7027027027027026	0.0	0.0	0.0	0.0	0.0	0.0	0.0	0.0	0.2503922737065499	
1.7057057057057057	0.0	0.0	0.0	0.0	0.0	0.0	0.0	0.0	0.24568655425071687	
1.7087087087087087	0.0	0.0	0.0	0.0	0.0	0.0	0.0	0.0	0.24098083479488389	
1.7117117117117118	0.0	0.0	0.0	0.0	0.0	0.0	0.0	0.0	0.2362751153390509	
1.7147147147147146	0.0	0.0	0.0	0.0	0.0	0.0	0.0	0.0	0.2315693958832183	
1.7177177177177176	0.0	0.0	0.0	0.0	0.0	0.0	0.0	0.0	0.2268636764273853	
1.7207207207207207	0.0	0.0	0.0	0.0	0.0	0.0	0.0	0.0	0.22215795697155233	
1.7237237237237237	0.0	0.0	0.0	0.0	0.0	0.0	0.0	0.0	0.21745223751571935	
1.7267267267267268	0.0	0.0	0.0	0.0	0.0	0.0	0.0	0.0	0.21353721141334964	
1.7297297297297298	0.0	0.0	0.0	0.0	0.0	0.0	0.0	0.0	0.21237214802150692	
1.7327327327327327	0.0	0.0	0.0	0.0	0.0	0.0	0.0	0.0	0.2112070846296643	
1.7357357357357357	0.0	0.0	0.0	0.0	0.0	0.0	0.0	0.0	0.2100420212378216	
1.7387387387387387	0.0	0.0	0.0	0.0	0.0	0.0	0.0	0.0	0.2088769578459789	
1.7417417417417418	0.0	0.0	0.0	0.0	0.0	0.0	0.0	0.0	0.20771189445413618	
1.7447447447447448	0.0	0.0	0.0	0.0	0.0	0.0	0.0	0.0	0.2065468310622935	
1.7477477477477477	0.0	0.0	0.0	0.0	0.0	0.0	0.0	0.0	0.20538176767045085	
1.7507507507507507	0.0	0.0	0.0	0.0	0.0	0.0	0.0	0.0	0.20421670427860816	
1.7537537537537538	0.0	0.0	0.0	0.0	0.0	0.0	0.0	0.0	0.20305164088676547	
1.7567567567567568	0.0	0.0	0.0	0.0	0.0	0.0	0.0	0.0	0.2009406405017317	
1.7597597597597598	0.0	0.0	0.0	0.0	0.0	0.0	0.0	0.0	0.19881511021612583	
1.7627627627627627	0.0	0.0	0.0	0.0	0.0	0.0	0.0	0.0	0.1966895799305201	
1.7657657657657657	0.0	0.0	0.0	0.0	0.0	0.0	0.0	0.0	0.19456404964491422	
1.7687687687687688	0.0	0.0	0.0	0.0	0.0	0.0	0.0	0.0	0.19243851935930834	
1.7717717717717718	0.0	0.0	0.0	0.0	0.0	0.0	0.0	0.0	0.19031298907370245	
1.7747747747747749	0.0	0.0	0.0	0.0	0.0	0.0	0.0	0.0	0.1881874587880966	
1.7777777777777777	0.0	0.0	0.0	0.0	0.0	0.0	0.0	0.0	0.18606192850249087	
1.7807807807807807	0.0	0.0	0.0	0.0	0.0	0.0	0.0	0.0	0.18393639821688498	
1.7837837837837838	0.0	0.0	0.0	0.0	0.0	0.0	0.0	0.0	0.18214599492621064	
1.7867867867867868	0.0	0.0	0.0	0.0	0.0	0.0	0.0	0.0	0.18046944028916886	
1.7897897897897899	0.0	0.0	0.0	0.0	0.0	0.0	0.0	0.0	0.1787928856521271	
1.7927927927927927	0.0	0.0	0.0	0.0	0.0	0.0	0.0	0.0	0.17711633101508542	
1.7957957957957957	0.0	0.0	0.0	0.0	0.0	0.0	0.0	0.0	0.17543977637804364	
1.7987987987987988	0.0	0.0	0.0	0.0	0.0	0.0	0.0	0.0	0.1737632217410019	
1.8018018018018018	0.0	0.0	0.0	0.0	0.0	0.0	0.0	0.0	0.17208666710396012	
1.8048048048048049	0.0	0.0	0.0	0.0	0.0	0.0	0.0	0.0	0.17041011246691834	
1.8078078078078077	0.0	0.0	0.0	0.0	0.0	0.0	0.0	0.0	0.1687335578298767	
1.8108108108108107	0.0	0.0	0.0	0.0	0.0	0.0	0.0	0.0	0.16741787411846482	
1.8138138138138138	0.0	0.0	0.0	0.0	0.0	0.0	0.0	0.0	0.16645172398864402	
1.8168168168168168	0.0	0.0	0.0	0.0	0.0	0.0	0.0	0.0	0.16548557385882326	
1.8198198198198199	0.0	0.0	0.0	0.0	0.0	0.0	0.0	0.0	0.16451942372900247	
1.8228228228228227	0.0	0.0	0.0	0.0	0.0	0.0	0.0	0.0	0.16355327359918176	
1.8258258258258258	0.0	0.0	0.0	0.0	0.0	0.0	0.0	0.0	0.162587123469361	
1.8288288288288288	0.0	0.0	0.0	0.0	0.0	0.0	0.0	0.0	0.1616209733395402	
1.8318318318318318	0.0	0.0	0.0	0.0	0.0	0.0	0.0	0.0	0.16065482320971944	
1.834834834834835	0.0	0.0	0.0	0.0	0.0	0.0	0.0	0.0	0.15968867307989865	
1.8378378378378377	0.0	0.0	0.0	0.0	0.0	0.0	0.0	0.0	0.15905186445436892	
1.8408408408408408	0.0	0.0	0.0	0.0	0.0	0.0	0.0	0.0	0.15930761007696853	
1.8438438438438438	0.0	0.0	0.0	0.0	0.0	0.0	0.0	0.0	0.15956335569956814	
1.8468468468468469	0.0	0.0	0.0	0.0	0.0	0.0	0.0	0.0	0.15981910132216776	
1.84984984984985	0.0	0.0	0.0	0.0	0.0	0.0	0.0	0.0	0.1600748469447674	
1.8528528528528527	0.0	0.0	0.0	0.0	0.0	0.0	0.0	0.0	0.16033059256736698	
1.8558558558558558	0.0	0.0	0.0	0.0	0.0	0.0	0.0	0.0	0.1605863381899666	
1.8588588588588588	0.0	0.0	0.0	0.0	0.0	0.0	0.0	0.0	0.16084208381256623	
1.8618618618618619	0.0	0.0	0.0	0.0	0.0	0.0	0.0	0.0	0.16109782943516585	
1.864864864864865	0.0	0.0	0.0	0.0	0.0	0.0	0.0	0.0	0.16133078404786638	
1.867867867867868	0.0	0.0	0.0	0.0	0.0	0.0	0.0	0.0	0.16085339221901376	
1.8708708708708708	0.0	0.0	0.0	0.0	0.0	0.0	0.0	0.0	0.16037600039016117	
1.8738738738738738	0.0	0.0	0.0	0.0	0.0	0.0	0.0	0.0	0.15989860856130855	
1.8768768768768769	0.0	0.0	0.0	0.0	0.0	0.0	0.0	0.0	0.15942121673245593	
1.87987987987988	0.0	0.0	0.0	0.0	0.0	0.0	0.0	0.0	0.15894382490360331	
1.882882882882883	0.0	0.0	0.0	0.0	0.0	0.0	0.0	0.0	0.1584664330747507	
1.8858858858858858	0.0	0.0	0.0	0.0	0.0	0.0	0.0	0.0	0.1579890412458981	
1.8888888888888888	0.0	0.0	0.0	0.0	0.0	0.0	0.0	0.0	0.15751164941704546	
1.8918918918918919	0.0	0.0	0.0	0.0	0.0	0.0	0.0	0.0	0.15703425758819284	
1.894894894894895	0.0	0.0	0.0	0.0	0.0	0.0	0.0	0.0	0.15642172283639239	
1.897897897897898	0.0	0.0	0.0	0.0	0.0	0.0	0.0	0.0	0.15577383392580668	
1.9009009009009008	0.0	0.0	0.0	0.0	0.0	0.0	0.0	0.0	0.15512594501522103	
1.9039039039039038	0.0	0.0	0.0	0.0	0.0	0.0	0.0	0.0	0.15447805610463533	
1.906906906906907	0.0	0.0	0.0	0.0	0.0	0.0	0.0	0.0	0.15383016719404963	
1.90990990990991	0.0	0.0	0.0	0.0	0.0	0.0	0.0	0.0	0.15318227828346392	
1.912912912912913	0.0	0.0	0.0	0.0	0.0	0.0	0.0	0.0	0.15253438937287822	
1.9159159159159158	0.0	0.0	0.0	0.0	0.0	0.0	0.0	0.0	0.15188650046229257	
1.9189189189189189	0.0	0.0	0.0	0.0	0.0	0.0	0.0	0.0	0.15123861155170687	
1.921921921921922	0.0	0.0	0.0	0.0	0.0	0.0	0.0	0.0	0.1507009592586406	
1.924924924924925	0.0	0.0	0.0	0.0	0.0	0.0	0.0	0.0	0.15025198361007683	
1.927927927927928	0.0	0.0	0.0	0.0	0.0	0.0	0.0	0.0	0.14980300796151305	
1.9309309309309308	0.0	0.0	0.0	0.0	0.0	0.0	0.0	0.0	0.14935403231294933	
1.9339339339339339	0.0	0.0	0.0	0.0	0.0	0.0	0.0	0.0	0.14890505666438555	
1.936936936936937	0.0	0.0	0.0	0.0	0.0	0.0	0.0	0.0	0.14845608101582178	
1.93993993993994	0.0	0.0	0.0	0.0	0.0	0.0	0.0	0.0	0.148007105367258	
1.942942942942943	0.0	0.0	0.0	0.0	0.0	0.0	0.0	0.0	0.14755812971869423	
1.9459459459459458	0.0	0.0	0.0	0.0	0.0	0.0	0.0	0.0	0.14710915407013048	
1.9489489489489489	0.0	0.0	0.0	0.0	0.0	0.0	0.0	0.0	0.14652559308242447	
1.951951951951952	0.0	0.0	0.0	0.0	0.0	0.0	0.0	0.0	0.14565037472952785	
1.954954954954955	0.0	0.0	0.0	0.0	0.0	0.0	0.0	0.0	0.14477515637663127	
1.957957957957958	0.0	0.0	0.0	0.0	0.0	0.0	0.0	0.0	0.14389993802373469	
1.9609609609609608	0.0	0.0	0.0	0.0	0.0	0.0	0.0	0.0	0.14302471967083816	
1.9639639639639639	0.0	0.0	0.0	0.0	0.0	0.0	0.0	0.0	0.14214950131794157	
1.966966966966967	0.0	0.0	0.0	0.0	0.0	0.0	0.0	0.0	0.14127428296504496	
1.96996996996997	0.0	0.0	0.0	0.0	0.0	0.0	0.0	0.0	0.14039906461214838	
1.972972972972973	0.0	0.0	0.0	0.0	0.0	0.0	0.0	0.0	0.1395238462592518	
1.9759759759759759	0.0	0.0	0.0	0.0	0.0	0.0	0.0	0.0	0.1386060134071851	
1.978978978978979	0.0	0.0	0.0	0.0	0.0	0.0	0.0	0.0	0.13717952115668522	
1.981981981981982	0.0	0.0	0.0	0.0	0.0	0.0	0.0	0.0	0.13575302890618535	
1.984984984984985	0.0	0.0	0.0	0.0	0.0	0.0	0.0	0.0	0.13432653665568547	
1.987987987987988	0.0	0.0	0.0	0.0	0.0	0.0	0.0	0.0	0.13290004440518563	
1.990990990990991	0.0	0.0	0.0	0.0	0.0	0.0	0.0	0.0	0.13147355215468576	
1.993993993993994	0.0	0.0	0.0	0.0	0.0	0.0	0.0	0.0	0.130047059904186	
1.996996996996997	0.0	0.0	0.0	0.0	0.0	0.0	0.0	0.0	0.12862056765368612	
2.0	0.0	0.0	0.0	0.0	0.0	0.0	0.0	0.0	0.12719407540318625	
2.003003003003003	0.0	0.0	0.0	0.0	0.0	0.0	0.0	0.0	0.1257675831526865	
2.006006006006006	0.0	0.0	0.0	0.0	0.0	0.0	0.0	0.0	0.1235306304649584	
2.009009009009009	0.0	0.0	0.0	0.0	0.0	0.0	0.0	0.0	0.12113798808463748	
2.012012012012012	0.0	0.0	0.0	0.0	0.0	0.0	0.0	0.0	0.1187453457043162	
2.015015015015015	0.0	0.0	0.0	0.0	0.0	0.0	0.0	0.0	0.11635270332399528	
2.018018018018018	0.0	0.0	0.0	0.0	0.0	0.0	0.0	0.0	0.11396006094367436	
2.021021021021021	0.0	0.0	0.0	0.0	0.0	0.0	0.0	0.0	0.11156741856335309	
2.024024024024024	0.0	0.0	0.0	0.0	0.0	0.0	0.0	0.0	0.10917477618303217	
2.027027027027027	0.0	0.0	0.0	0.0	0.0	0.0	0.0	0.0	0.1067821338027109	
2.03003003003003	0.0	0.0	0.0	0.0	0.0	0.0	0.0	0.0	0.10438949142238999	
2.033033033033033	0.0	0.0	0.0	0.0	0.0	0.0	0.0	0.0	0.10222205872226708	
2.036036036036036	0.0	0.0	0.0	0.0	0.0	0.0	0.0	0.0	0.100204509921759	
2.039039039039039	0.0	0.0	0.0	0.0	0.0	0.0	0.0	0.0	0.09818696112125123	
2.042042042042042	0.0	0.0	0.0	0.0	0.0	0.0	0.0	0.0	0.09616941232074316	
2.045045045045045	0.0	0.0	0.0	0.0	0.0	0.0	0.0	0.0	0.09415186352023538	
2.048048048048048	0.0	0.0	0.0	0.0	0.0	0.0	0.0	0.0	0.0921343147197276	
2.051051051051051	0.0	0.0	0.0	0.0	0.0	0.0	0.0	0.0	0.09011676591921954	
2.054054054054054	0.0	0.0	0.0	0.0	0.0	0.0	0.0	0.0	0.08809921711871176	
2.057057057057057	0.0	0.0	0.0	0.0	0.0	0.0	0.0	0.0	0.08608166831820369	
2.06006006006006	0.0	0.0	0.0	0.0	0.0	0.0	0.0	0.0	0.08436651636745526	
2.063063063063063	0.0	0.0	0.0	0.0	0.0	0.0	0.0	0.0	0.08318440326743919	
2.066066066066066	0.0	0.0	0.0	0.0	0.0	0.0	0.0	0.0	0.08200229016742294	
2.069069069069069	0.0	0.0	0.0	0.0	0.0	0.0	0.0	0.0	0.08082017706740686	
2.0720720720720722	0.0	0.0	0.0	0.0	0.0	0.0	0.0	0.0	0.07963806396739062	
2.075075075075075	0.0	0.0	0.0	0.0	0.0	0.0	0.0	0.0	0.07845595086737454	
2.078078078078078	0.0	0.0	0.0	0.0	0.0	0.0	0.0	0.0	0.07727383776735847	
2.081081081081081	0.0	0.0	0.0	0.0	0.0	0.0	0.0	0.0	0.07609172466734222	
2.084084084084084	0.0	0.0	0.0	0.0	0.0	0.0	0.0	0.0	0.07490961156732615	
2.0870870870870872	0.0	0.0	0.0	0.0	0.0	0.0	0.0	0.0	0.07375768339110965	
2.09009009009009	0.0	0.0	0.0	0.0	0.0	0.0	0.0	0.0	0.0728199494415778	
2.093093093093093	0.0	0.0	0.0	0.0	0.0	0.0	0.0	0.0	0.07188221549204594	
2.096096096096096	0.0	0.0	0.0	0.0	0.0	0.0	0.0	0.0	0.07094448154251395	
2.099099099099099	0.0	0.0	0.0	0.0	0.0	0.0	0.0	0.0	0.07000674759298212	
2.1021021021021022	0.0	0.0	0.0	0.0	0.0	0.0	0.0	0.0	0.06906901364345013	
2.105105105105105	0.0	0.0	0.0	0.0	0.0	0.0	0.0	0.0	0.06813127969391827	
2.108108108108108	0.0	0.0	0.0	0.0	0.0	0.0	0.0	0.0	0.06719354574438642	
2.111111111111111	0.0	0.0	0.0	0.0	0.0	0.0	0.0	0.0	0.06625581179485443	
2.114114114114114	0.0	0.0	0.0	0.0	0.0	0.0	0.0	0.0	0.06531807784532259	
2.1171171171171173	0.0	0.0	0.0	0.0	0.0	0.0	0.0	0.0	0.06409866027959034	
2.12012012012012	0.0	0.0	0.0	0.0	0.0	0.0	0.0	0.0	0.06284266511082352	
2.123123123123123	0.0	0.0	0.0	0.0	0.0	0.0	0.0	0.0	0.061586669942056714	
2.126126126126126	0.0	0.0	0.0	0.0	0.0	0.0	0.0	0.0	0.06033067477328971	
2.129129129129129	0.0	0.0	0.0	0.0	0.0	0.0	0.0	0.0	0.0590746796045229	
2.1321321321321323	0.0	0.0	0.0	0.0	0.0	0.0	0.0	0.0	0.057818684435755906	
2.135135135135135	0.0	0.0	0.0	0.0	0.0	0.0	0.0	0.0	0.0565626892669891	
2.138138138138138	0.0	0.0	0.0	0.0	0.0	0.0	0.0	0.0	0.05530669409822228	
2.141141141141141	0.0	0.0	0.0	0.0	0.0	0.0	0.0	0.0	0.054050698929455285	
2.144144144144144	0.0	0.0	0.0	0.0	0.0	0.0	0.0	0.0	0.0528902516318124	
2.1471471471471473	0.0	0.0	0.0	0.0	0.0	0.0	0.0	0.0	0.05178202060054721	
2.15015015015015	0.0	0.0	0.0	0.0	0.0	0.0	0.0	0.0	0.05067378956928219	
2.153153153153153	0.0	0.0	0.0	0.0	0.0	0.0	0.0	0.0	0.04956555853801716	
2.156156156156156	0.0	0.0	0.0	0.0	0.0	0.0	0.0	0.0	0.04845732750675197	
2.159159159159159	0.0	0.0	0.0	0.0	0.0	0.0	0.0	0.0	0.04734909647548695	
2.1621621621621623	0.0	0.0	0.0	0.0	0.0	0.0	0.0	0.0	0.046240865444221756	
2.165165165165165	0.0	0.0	0.0	0.0	0.0	0.0	0.0	0.0	0.04513263441295673	
2.168168168168168	0.0	0.0	0.0	0.0	0.0	0.0	0.0	0.0	0.04402440338169171	
2.171171171171171	0.0	0.0	0.0	0.0	0.0	0.0	0.0	0.0	0.04317366700527572	
2.174174174174174	0.0	0.0	0.0	0.0	0.0	0.0	0.0	0.0	0.04269627517642321	
2.1771771771771773	0.0	0.0	0.0	0.0	0.0	0.0	0.0	0.0	0.04221888334757063	
2.18018018018018	0.0	0.0	0.0	0.0	0.0	0.0	0.0	0.0	0.041741491518718116	
2.1831831831831834	0.0	0.0	0.0	0.0	0.0	0.0	0.0	0.0	0.04126409968986554	
2.186186186186186	0.0	0.0	0.0	0.0	0.0	0.0	0.0	0.0	0.04078670786101302	
2.189189189189189	0.0	0.0	0.0	0.0	0.0	0.0	0.0	0.0	0.040309316032160515	
2.1921921921921923	0.0	0.0	0.0	0.0	0.0	0.0	0.0	0.0	0.03983192420330793	
2.195195195195195	0.0	0.0	0.0	0.0	0.0	0.0	0.0	0.0	0.03935453237445542	
2.1981981981981984	0.0	0.0	0.0	0.0	0.0	0.0	0.0	0.0	0.03891379630360022	
2.201201201201201	0.0	0.0	0.0	0.0	0.0	0.0	0.0	0.0	0.03865236744494279	
2.204204204204204	0.0	0.0	0.0	0.0	0.0	0.0	0.0	0.0	0.03839093858628535	
2.2072072072072073	0.0	0.0	0.0	0.0	0.0	0.0	0.0	0.0	0.03812950972762788	
2.21021021021021	0.0	0.0	0.0	0.0	0.0	0.0	0.0	0.0	0.03786808086897044	
2.2132132132132134	0.0	0.0	0.0	0.0	0.0	0.0	0.0	0.0	0.03760665201031297	
2.2162162162162162	0.0	0.0	0.0	0.0	0.0	0.0	0.0	0.0	0.03734522315165553	
2.219219219219219	0.0	0.0	0.0	0.0	0.0	0.0	0.0	0.0	0.037083794292998094	
2.2222222222222223	0.0	0.0	0.0	0.0	0.0	0.0	0.0	0.0	0.03682236543434062	
2.225225225225225	0.0	0.0	0.0	0.0	0.0	0.0	0.0	0.0	0.036560936575683184	
2.2282282282282284	0.0	0.0	0.0	0.0	0.0	0.0	0.0	0.0	0.03548972235057892	
2.2312312312312312	0.0	0.0	0.0	0.0	0.0	0.0	0.0	0.0	0.034358758375082975	
2.234234234234234	0.0	0.0	0.0	0.0	0.0	0.0	0.0	0.0	0.03322779439958703	
2.2372372372372373	0.0	0.0	0.0	0.0	0.0	0.0	0.0	0.0	0.03209683042409092	
2.24024024024024	0.0	0.0	0.0	0.0	0.0	0.0	0.0	0.0	0.030965866448594975	
2.2432432432432434	0.0	0.0	0.0	0.0	0.0	0.0	0.0	0.0	0.029834902473098862	
2.2462462462462462	0.0	0.0	0.0	0.0	0.0	0.0	0.0	0.0	0.028703938497602915	
2.249249249249249	0.0	0.0	0.0	0.0	0.0	0.0	0.0	0.0	0.027572974522106976	
2.2522522522522523	0.0	0.0	0.0	0.0	0.0	0.0	0.0	0.0	0.026442010546610863	
2.255255255255255	0.0	0.0	0.0	0.0	0.0	0.0	0.0	0.0	0.02576780450070413	
2.2582582582582584	0.0	0.0	0.0	0.0	0.0	0.0	0.0	0.0	0.025296095907909197	
2.2612612612612613	0.0	0.0	0.0	0.0	0.0	0.0	0.0	0.0	0.024824387315114334	
2.264264264264264	0.0	0.0	0.0	0.0	0.0	0.0	0.0	0.0	0.02435267872231947	
2.2672672672672673	0.0	0.0	0.0	0.0	0.0	0.0	0.0	0.0	0.02388097012952454	
2.27027027027027	0.0	0.0	0.0	0.0	0.0	0.0	0.0	0.0	0.023409261536729675	
2.2732732732732734	0.0	0.0	0.0	0.0	0.0	0.0	0.0	0.0	0.022937552943934743	
2.2762762762762763	0.0	0.0	0.0	0.0	0.0	0.0	0.0	0.0	0.02246584435113988	
2.279279279279279	0.0	0.0	0.0	0.0	0.0	0.0	0.0	0.0	0.021994135758345017	
2.2822822822822824	0.0	0.0	0.0	0.0	0.0	0.0	0.0	0.0	0.021829735372088002	
2.285285285285285	0.0	0.0	0.0	0.0	0.0	0.0	0.0	0.0	0.02203433187016768	
2.2882882882882885	0.0	0.0	0.0	0.0	0.0	0.0	0.0	0.0	0.022238928368247386	
2.2912912912912913	0.0	0.0	0.0	0.0	0.0	0.0	0.0	0.0	0.02244352486632706	
2.294294294294294	0.0	0.0	0.0	0.0	0.0	0.0	0.0	0.0	0.022648121364406738	
2.2972972972972974	0.0	0.0	0.0	0.0	0.0	0.0	0.0	0.0	0.022852717862486445	
2.3003003003003	0.0	0.0	0.0	0.0	0.0	0.0	0.0	0.0	0.02305731436056612	
2.3033033033033035	0.0	0.0	0.0	0.0	0.0	0.0	0.0	0.0	0.02326191085864583	
2.3063063063063063	0.0	0.0	0.0	0.0	0.0	0.0	0.0	0.0	0.023466507356725504	
2.309309309309309	0.0	0.0	0.0	0.0	0.0	0.0	0.0	0.0	0.02356923999255233	
2.3123123123123124	0.0	0.0	0.0	0.0	0.0	0.0	0.0	0.0	0.023302127897837196	
2.315315315315315	0.0	0.0	0.0	0.0	0.0	0.0	0.0	0.0	0.0230350158031221	
2.3183183183183185	0.0	0.0	0.0	0.0	0.0	0.0	0.0	0.0	0.022767903708406964	
2.3213213213213213	0.0	0.0	0.0	0.0	0.0	0.0	0.0	0.0	0.022500791613691867	
2.324324324324324	0.0	0.0	0.0	0.0	0.0	0.0	0.0	0.0	0.02223367951897677	
2.3273273273273274	0.0	0.0	0.0	0.0	0.0	0.0	0.0	0.0	0.021966567424261636	
2.33033033033033	0.0	0.0	0.0	0.0	0.0	0.0	0.0	0.0	0.02169945532954654	
2.3333333333333335	0.0	0.0	0.0	0.0	0.0	0.0	0.0	0.0	0.021432343234831404	
2.3363363363363363	0.0	0.0	0.0	0.0	0.0	0.0	0.0	0.0	0.021165231140116307	
2.339339339339339	0.0	0.0	0.0	0.0	0.0	0.0	0.0	0.0	0.020942561965815128	
2.3423423423423424	0.0	0.0	0.0	0.0	0.0	0.0	0.0	0.0	0.020720915759562072	
2.3453453453453452	0.0	0.0	0.0	0.0	0.0	0.0	0.0	0.0	0.02049926955330905	
2.3483483483483485	0.0	0.0	0.0	0.0	0.0	0.0	0.0	0.0	0.020277623347055993	
2.3513513513513513	0.0	0.0	0.0	0.0	0.0	0.0	0.0	0.0	0.02005597714080297	
2.354354354354354	0.0	0.0	0.0	0.0	0.0	0.0	0.0	0.0	0.01983433093454995	
2.3573573573573574	0.0	0.0	0.0	0.0	0.0	0.0	0.0	0.0	0.01961268472829689	
2.3603603603603602	0.0	0.0	0.0	0.0	0.0	0.0	0.0	0.0	0.01939103852204387	
2.3633633633633635	0.0	0.0	0.0	0.0	0.0	0.0	0.0	0.0	0.01916939231579081	
2.3663663663663663	0.0	0.0	0.0	0.0	0.0	0.0	0.0	0.0	0.018956146546731643	
2.369369369369369	0.0	0.0	0.0	0.0	0.0	0.0	0.0	0.0	0.018745866812594228	
2.3723723723723724	0.0	0.0	0.0	0.0	0.0	0.0	0.0	0.0	0.01853558707845678	
2.3753753753753752	0.0	0.0	0.0	0.0	0.0	0.0	0.0	0.0	0.018325307344319364	
2.3783783783783785	0.0	0.0	0.0	0.0	0.0	0.0	0.0	0.0	0.018115027610181918	
2.3813813813813813	0.0	0.0	0.0	0.0	0.0	0.0	0.0	0.0	0.017904747876044503	
2.384384384384384	0.0	0.0	0.0	0.0	0.0	0.0	0.0	0.0	0.017694468141907088	
2.3873873873873874	0.0	0.0	0.0	0.0	0.0	0.0	0.0	0.0	0.017484188407769642	
2.3903903903903903	0.0	0.0	0.0	0.0	0.0	0.0	0.0	0.0	0.017273908673632224	
2.3933933933933935	0.0	0.0	0.0	0.0	0.0	0.0	0.0	0.0	0.01700103735236962	
2.3963963963963963	0.0	0.0	0.0	0.0	0.0	0.0	0.0	0.0	0.016665726424961225	
2.399399399399399	0.0	0.0	0.0	0.0	0.0	0.0	0.0	0.0	0.01633041549755283	
2.4024024024024024	0.0	0.0	0.0	0.0	0.0	0.0	0.0	0.0	0.015995104570144386	
2.4054054054054053	0.0	0.0	0.0	0.0	0.0	0.0	0.0	0.0	0.015659793642735995	
2.4084084084084085	0.0	0.0	0.0	0.0	0.0	0.0	0.0	0.0	0.015324482715327551	
2.4114114114114114	0.0	0.0	0.0	0.0	0.0	0.0	0.0	0.0	0.014989171787919156	
2.414414414414414	0.0	0.0	0.0	0.0	0.0	0.0	0.0	0.0	0.014653860860510763	
2.4174174174174174	0.0	0.0	0.0	0.0	0.0	0.0	0.0	0.0	0.01431854993310232	
2.4204204204204203	0.0	0.0	0.0	0.0	0.0	0.0	0.0	0.0	0.013989198708442747	
2.4234234234234235	0.0	0.0	0.0	0.0	0.0	0.0	0.0	0.0	0.013676620725265437	
2.4264264264264264	0.0	0.0	0.0	0.0	0.0	0.0	0.0	0.0	0.013364042742088172	
2.429429429429429	0.0	0.0	0.0	0.0	0.0	0.0	0.0	0.0	0.013051464758910909	
2.4324324324324325	0.0	0.0	0.0	0.0	0.0	0.0	0.0	0.0	0.012738886775733597	
2.4354354354354353	0.0	0.0	0.0	0.0	0.0	0.0	0.0	0.0	0.012426308792556334	
2.4384384384384385	0.0	0.0	0.0	0.0	0.0	0.0	0.0	0.0	0.012113730809379022	
2.4414414414414414	0.0	0.0	0.0	0.0	0.0	0.0	0.0	0.0	0.011801152826201759	
2.4444444444444446	0.0	0.0	0.0	0.0	0.0	0.0	0.0	0.0	0.011488574843024449	
2.4474474474474475	0.0	0.0	0.0	0.0	0.0	0.0	0.0	0.0	0.011179905457585407	
2.4504504504504503	0.0	0.0	0.0	0.0	0.0	0.0	0.0	0.0	0.011032141320083398	
2.4534534534534536	0.0	0.0	0.0	0.0	0.0	0.0	0.0	0.0	0.010884377182581366	
2.4564564564564564	0.0	0.0	0.0	0.0	0.0	0.0	0.0	0.0	0.010736613045079356	
2.4594594594594597	0.0	0.0	0.0	0.0	0.0	0.0	0.0	0.0	0.010588848907577324	
2.4624624624624625	0.0	0.0	0.0	0.0	0.0	0.0	0.0	0.0	0.010441084770075312	
2.4654654654654653	0.0	0.0	0.0	0.0	0.0	0.0	0.0	0.0	0.010293320632573303	
2.4684684684684686	0.0	0.0	0.0	0.0	0.0	0.0	0.0	0.0	0.01014555649507127	
2.4714714714714714	0.0	0.0	0.0	0.0	0.0	0.0	0.0	0.0	0.00999779235756926	
2.4744744744744747	0.0	0.0	0.0	0.0	0.0	0.0	0.0	0.0	0.009850028220067229	
2.4774774774774775	0.0	0.0	0.0	0.0	0.0	0.0	0.0	0.0	0.009662098263047779	
2.4804804804804803	0.0	0.0	0.0	0.0	0.0	0.0	0.0	0.0	0.009463185001025871	
2.4834834834834836	0.0	0.0	0.0	0.0	0.0	0.0	0.0	0.0	0.009264271739003934	
2.4864864864864864	0.0	0.0	0.0	0.0	0.0	0.0	0.0	0.0	0.009065358476982026	
2.4894894894894897	0.0	0.0	0.0	0.0	0.0	0.0	0.0	0.0	0.008866445214960089	
2.4924924924924925	0.0	0.0	0.0	0.0	0.0	0.0	0.0	0.0	0.00866753195293818	
2.4954954954954953	0.0	0.0	0.0	0.0	0.0	0.0	0.0	0.0	0.008468618690916273	
2.4984984984984986	0.0	0.0	0.0	0.0	0.0	0.0	0.0	0.0	0.008269705428894335	
2.5015015015015014	0.0	0.0	0.0	0.0	0.0	0.0	0.0	0.0	0.008070792166872428	
2.5045045045045047	0.0	0.0	0.0	0.0	0.0	0.0	0.0	0.0	0.007937141074839393	
2.5075075075075075	0.0	0.0	0.0	0.0	0.0	0.0	0.0	0.0	0.007857575770030642	
2.5105105105105103	0.0	0.0	0.0	0.0	0.0	0.0	0.0	0.0	0.0077780104652218915	
2.5135135135135136	0.0	0.0	0.0	0.0	0.0	0.0	0.0	0.0	0.00769844516041313	
2.5165165165165164	0.0	0.0	0.0	0.0	0.0	0.0	0.0	0.0	0.007618879855604379	
2.5195195195195197	0.0	0.0	0.0	0.0	0.0	0.0	0.0	0.0	0.007539314550795617	
2.5225225225225225	0.0	0.0	0.0	0.0	0.0	0.0	0.0	0.0	0.007459749245986866	
2.5255255255255253	0.0	0.0	0.0	0.0	0.0	0.0	0.0	0.0	0.007380183941178116	
2.5285285285285286	0.0	0.0	0.0	0.0	0.0	0.0	0.0	0.0	0.007300618636369353	
2.5315315315315314	0.0	0.0	0.0	0.0	0.0	0.0	0.0	0.0	0.007207032724156007	
2.5345345345345347	0.0	0.0	0.0	0.0	0.0	0.0	0.0	0.0	0.007082001530885061	
2.5375375375375375	0.0	0.0	0.0	0.0	0.0	0.0	0.0	0.0	0.006956970337614133	
2.5405405405405403	0.0	0.0	0.0	0.0	0.0	0.0	0.0	0.0	0.0068319391443432045	
2.5435435435435436	0.0	0.0	0.0	0.0	0.0	0.0	0.0	0.0	0.006706907951072258	
2.5465465465465464	0.0	0.0	0.0	0.0	0.0	0.0	0.0	0.0	0.00658187675780133	
2.5495495495495497	0.0	0.0	0.0	0.0	0.0	0.0	0.0	0.0	0.0064568455645303835	
2.5525525525525525	0.0	0.0	0.0	0.0	0.0	0.0	0.0	0.0	0.006331814371259455	
2.5555555555555554	0.0	0.0	0.0	0.0	0.0	0.0	0.0	0.0	0.006206783177988527	
2.5585585585585586	0.0	0.0	0.0	0.0	0.0	0.0	0.0	0.0	0.006076982831068884	
2.5615615615615615	0.0	0.0	0.0	0.0	0.0	0.0	0.0	0.0	0.005883752805104752	
2.5645645645645647	0.0	0.0	0.0	0.0	0.0	0.0	0.0	0.0	0.005690522779140592	
2.5675675675675675	0.0	0.0	0.0	0.0	0.0	0.0	0.0	0.0	0.00549729275317646	
2.5705705705705704	0.0	0.0	0.0	0.0	0.0	0.0	0.0	0.0	0.005304062727212329	
2.5735735735735736	0.0	0.0	0.0	0.0	0.0	0.0	0.0	0.0	0.005110832701248169	
2.5765765765765765	0.0	0.0	0.0	0.0	0.0	0.0	0.0	0.0	0.004917602675284038	
2.5795795795795797	0.0	0.0	0.0	0.0	0.0	0.0	0.0	0.0	0.0047243726493198775	
2.5825825825825826	0.0	0.0	0.0	0.0	0.0	0.0	0.0	0.0	0.0045311426233557465	
2.5855855855855854	0.0	0.0	0.0	0.0	0.0	0.0	0.0	0.0	0.004337912597391615	
2.5885885885885886	0.0	0.0	0.0	0.0	0.0	0.0	0.0	0.0	0.004158859128648373	
2.5915915915915915	0.0	0.0	0.0	0.0	0.0	0.0	0.0	0.0	0.00398267881085753	
2.5945945945945947	0.0	0.0	0.0	0.0	0.0	0.0	0.0	0.0	0.0038064984930666615	
2.5975975975975976	0.0	0.0	0.0	0.0	0.0	0.0	0.0	0.0	0.003630318175275819	
2.6006006006006004	0.0	0.0	0.0	0.0	0.0	0.0	0.0	0.0	0.003454137857484976	
2.6036036036036037	0.0	0.0	0.0	0.0	0.0	0.0	0.0	0.0	0.0032779575396941073	
2.6066066066066065	0.0	0.0	0.0	0.0	0.0	0.0	0.0	0.0	0.003101777221903265	
2.6096096096096097	0.0	0.0	0.0	0.0	0.0	0.0	0.0	0.0	0.002925596904112396	
2.6126126126126126	0.0	0.0	0.0	0.0	0.0	0.0	0.0	0.0	0.002749416586321553	
2.6156156156156154	0.0	0.0	0.0	0.0	0.0	0.0	0.0	0.0	0.0026777178197133654	
2.6186186186186187	0.0	0.0	0.0	0.0	0.0	0.0	0.0	0.0	0.00267771781971337	
2.6216216216216215	0.0	0.0	0.0	0.0	0.0	0.0	0.0	0.0	0.002677717819713375	
2.6246246246246248	0.0	0.0	0.0	0.0	0.0	0.0	0.0	0.0	0.0026777178197133792	
2.6276276276276276	0.0	0.0	0.0	0.0	0.0	0.0	0.0	0.0	0.002677717819713384	
2.6306306306306304	0.0	0.0	0.0	0.0	0.0	0.0	0.0	0.0	0.0026777178197133883	
2.6336336336336337	0.0	0.0	0.0	0.0	0.0	0.0	0.0	0.0	0.002677717819713393	
2.6366366366366365	0.0	0.0	0.0	0.0	0.0	0.0	0.0	0.0	0.002677717819713398	
2.6396396396396398	0.0	0.0	0.0	0.0	0.0	0.0	0.0	0.0	0.0026777178197134022	
2.6426426426426426	0.0	0.0	0.0	0.0	0.0	0.0	0.0	0.0	0.0026051696778113566	
2.6456456456456454	0.0	0.0	0.0	0.0	0.0	0.0	0.0	0.0	0.0024005731797316723	
2.6486486486486487	0.0	0.0	0.0	0.0	0.0	0.0	0.0	0.0	0.0021959766816519576	
2.6516516516516515	0.0	0.0	0.0	0.0	0.0	0.0	0.0	0.0	0.0019913801835722733	
2.6546546546546548	0.0	0.0	0.0	0.0	0.0	0.0	0.0	0.0	0.0017867836854925587	
2.6576576576576576	0.0	0.0	0.0	0.0	0.0	0.0	0.0	0.0	0.0015821871874128742	
2.6606606606606604	0.0	0.0	0.0	0.0	0.0	0.0	0.0	0.0	0.0013775906893331899	
2.6636636636636637	0.0	0.0	0.0	0.0	0.0	0.0	0.0	0.0	0.0011729941912534752	
2.6666666666666665	0.0	0.0	0.0	0.0	0.0	0.0	0.0	0.0	0.0009683976931737909	
2.66966966966967	0.0	0.0	0.0	0.0	0.0	0.0	0.0	0.0	0.0007895443037488689	
2.6726726726726726	0.0	0.0	0.0	0.0	0.0	0.0	0.0	0.0	0.0008065940119221753	
2.6756756756756754	0.0	0.0	0.0	0.0	0.0	0.0	0.0	0.0	0.0008236437200954816	
2.6786786786786787	0.0	0.0	0.0	0.0	0.0	0.0	0.0	0.0	0.0008406934282687905	
2.6816816816816815	0.0	0.0	0.0	0.0	0.0	0.0	0.0	0.0	0.0008577431364420969	
2.684684684684685	0.0	0.0	0.0	0.0	0.0	0.0	0.0	0.0	0.0008747928446154058	
2.6876876876876876	0.0	0.0	0.0	0.0	0.0	0.0	0.0	0.0	0.0008918425527887122	
2.6906906906906904	0.0	0.0	0.0	0.0	0.0	0.0	0.0	0.0	0.0009088922609620185	
2.6936936936936937	0.0	0.0	0.0	0.0	0.0	0.0	0.0	0.0	0.0009259419691353274	
2.6966966966966965	0.0	0.0	0.0	0.0	0.0	0.0	0.0	0.0	0.0009429916773086338	
2.6996996996997	0.0	0.0	0.0	0.0	0.0	0.0	0.0	0.0	0.0009051715230497599	
2.7027027027027026	0.0	0.0	0.0	0.0	0.0	0.0	0.0	0.0	0.0008597056345876104	
2.705705705705706	0.0	0.0	0.0	0.0	0.0	0.0	0.0	0.0	0.0008142397461254544	
2.7087087087087087	0.0	0.0	0.0	0.0	0.0	0.0	0.0	0.0	0.0007687738576633049	
2.7117117117117115	0.0	0.0	0.0	0.0	0.0	0.0	0.0	0.0	0.0007233079692011555	
2.714714714714715	0.0	0.0	0.0	0.0	0.0	0.0	0.0	0.0	0.0006778420807389994	
2.7177177177177176	0.0	0.0	0.0	0.0	0.0	0.0	0.0	0.0	0.00063237619227685	
2.720720720720721	0.0	0.0	0.0	0.0	0.0	0.0	0.0	0.0	0.0005869103038146938	
2.7237237237237237	0.0	0.0	0.0	0.0	0.0	0.0	0.0	0.0	0.0005414444153525444	
2.7267267267267266	0.0	0.0	0.0	0.0	0.0	0.0	0.0	0.0	0.0005068775954618931	
2.72972972972973	0.0	0.0	0.0	0.0	0.0	0.0	0.0	0.0	0.00047846141517304363	
2.7327327327327327	0.0	0.0	0.0	0.0	0.0	0.0	0.0	0.0	0.0004500452348841983	
2.735735735735736	0.0	0.0	0.0	0.0	0.0	0.0	0.0	0.0	0.0004216290545953487	
2.7387387387387387	0.0	0.0	0.0	0.0	0.0	0.0	0.0	0.0	0.00039321287430650343	
2.7417417417417416	0.0	0.0	0.0	0.0	0.0	0.0	0.0	0.0	0.0003647966940176581	
2.744744744744745	0.0	0.0	0.0	0.0	0.0	0.0	0.0	0.0	0.00033638051372880857	
2.7477477477477477	0.0	0.0	0.0	0.0	0.0	0.0	0.0	0.0	0.00030796433343996323	
2.750750750750751	0.0	0.0	0.0	0.0	0.0	0.0	0.0	0.0	0.0002795481531511137	
2.7537537537537538	0.0	0.0	0.0	0.0	0.0	0.0	0.0	0.0	0.00026252135487385924	
2.7567567567567566	0.0	0.0	0.0	0.0	0.0	0.0	0.0	0.0	0.0002625213548738597	
2.75975975975976	0.0	0.0	0.0	0.0	0.0	0.0	0.0	0.0	0.00026252135487386016	
2.7627627627627627	0.0	0.0	0.0	0.0	0.0	0.0	0.0	0.0	0.00026252135487386065	
2.765765765765766	0.0	0.0	0.0	0.0	0.0	0.0	0.0	0.0	0.0002625213548738611	
2.7687687687687688	0.0	0.0	0.0	0.0	0.0	0.0	0.0	0.0	0.00026252135487386157	
2.7717717717717716	0.0	0.0	0.0	0.0	0.0	0.0	0.0	0.0	0.000262521354873862	
2.774774774774775	0.0	0.0	0.0	0.0	0.0	0.0	0.0	0.0	0.00026252135487386244	
2.7777777777777777	0.0	0.0	0.0	0.0	0.0	0.0	0.0	0.0	0.0002625213548738629	
2.780780780780781	0.0	0.0	0.0	0.0	0.0	0.0	0.0	0.0	0.00025790770513651963	
2.7837837837837838	0.0	0.0	0.0	0.0	0.0	0.0	0.0	0.0	0.00022949152484767478	
2.7867867867867866	0.0	0.0	0.0	0.0	0.0	0.0	0.0	0.0	0.00020107534455882992	
2.78978978978979	0.0	0.0	0.0	0.0	0.0	0.0	0.0	0.0	0.00017265916426998084	
2.7927927927927927	0.0	0.0	0.0	0.0	0.0	0.0	0.0	0.0	0.00014424298398113598	
2.795795795795796	0.0	0.0	0.0	0.0	0.0	0.0	0.0	0.0	0.0001158268036922869	
2.798798798798799	0.0	0.0	0.0	0.0	0.0	0.0	0.0	0.0	8.741062340344205e-05	
2.8018018018018016	0.0	0.0	0.0	0.0	0.0	0.0	0.0	0.0	5.8994443114597164e-05	
2.804804804804805	0.0	0.0	0.0	0.0	0.0	0.0	0.0	0.0	3.057826282574811e-05	
2.8078078078078077	0.0	0.0	0.0	0.0	0.0	0.0	0.0	0.0	2.1620825369032533e-06	
2.810810810810811	0.0	0.0	0.0	0.0	0.0	0.0	0.0	0.0	0.0	
2.813813813813814	0.0	0.0	0.0	0.0	0.0	0.0	0.0	0.0	0.0	
2.8168168168168166	0.0	0.0	0.0	0.0	0.0	0.0	0.0	0.0	0.0	
2.81981981981982	0.0	0.0	0.0	0.0	0.0	0.0	0.0	0.0	0.0	
2.8228228228228227	0.0	0.0	0.0	0.0	0.0	0.0	0.0	0.0	0.0	
2.825825825825826	0.0	0.0	0.0	0.0	0.0	0.0	0.0	0.0	0.0	
2.828828828828829	0.0	0.0	0.0	0.0	0.0	0.0	0.0	0.0	0.0	
2.8318318318318316	0.0	0.0	0.0	0.0	0.0	0.0	0.0	0.0	0.0	
2.834834834834835	0.0	0.0	0.0	0.0	0.0	0.0	0.0	0.0	0.0	
2.8378378378378377	0.0	0.0	0.0	0.0	0.0	0.0	0.0	0.0	3.895673095538897e-06	
2.840840840840841	0.0	0.0	0.0	0.0	0.0	0.0	0.0	0.0	9.57890915330862e-06	
2.843843843843844	0.0	0.0	0.0	0.0	0.0	0.0	0.0	0.0	1.52621452110775e-05	
2.8468468468468466	0.0	0.0	0.0	0.0	0.0	0.0	0.0	0.0	2.0945381268846383e-05	
2.84984984984985	0.0	0.0	0.0	0.0	0.0	0.0	0.0	0.0	2.6628617326616105e-05	
2.8528528528528527	0.0	0.0	0.0	0.0	0.0	0.0	0.0	0.0	3.231185338438499e-05	
2.855855855855856	0.0	0.0	0.0	0.0	0.0	0.0	0.0	0.0	3.799508944215471e-05	
2.858858858858859	0.0	0.0	0.0	0.0	0.0	0.0	0.0	0.0	4.3678325499923596e-05	
2.8618618618618616	0.0	0.0	0.0	0.0	0.0	0.0	0.0	0.0	4.9361561557692474e-05	
2.864864864864865	0.0	0.0	0.0	0.0	0.0	0.0	0.0	0.0	4.54560671085912e-05	
2.8678678678678677	0.0	0.0	0.0	0.0	0.0	0.0	0.0	0.0	2.968901876781949e-05	
2.870870870870871	0.0	0.0	0.0	0.0	0.0	0.0	0.0	0.0	1.3921970427045441e-05	
2.873873873873874	0.0	0.0	0.0	0.0	0.0	0.0	0.0	0.0	0.0	
2.8768768768768767	0.0	0.0	0.0	0.0	0.0	0.0	0.0	0.0	0.0	
2.87987987987988	0.0	0.0	0.0	0.0	0.0	0.0	0.0	0.0	0.0	
2.8828828828828827	0.0	0.0	0.0	0.0	0.0	0.0	0.0	0.0	0.0	
2.885885885885886	0.0	0.0	0.0	0.0	0.0	0.0	0.0	0.0	0.0	
2.888888888888889	0.0	0.0	0.0	0.0	0.0	0.0	0.0	0.0	0.0	
2.8918918918918917	0.0	0.0	0.0	0.0	0.0	0.0	0.0	0.0	0.0	
2.894894894894895	0.0	0.0	0.0	0.0	0.0	0.0	0.0	0.0	0.0	
2.8978978978978978	0.0	0.0	0.0	0.0	0.0	0.0	0.0	0.0	0.0	
2.900900900900901	0.0	0.0	0.0	0.0	0.0	0.0	0.0	0.0	0.0	
2.903903903903904	0.0	0.0	0.0	0.0	0.0	0.0	0.0	0.0	0.0	
2.9069069069069067	0.0	0.0	0.0	0.0	0.0	0.0	0.0	0.0	0.0	
2.90990990990991	0.0	0.0	0.0	0.0	0.0	0.0	0.0	0.0	0.0	
2.9129129129129128	0.0	0.0	0.0	0.0	0.0	0.0	0.0	0.0	0.0	
2.915915915915916	0.0	0.0	0.0	0.0	0.0	0.0	0.0	0.0	0.0	
2.918918918918919	0.0	0.0	0.0	0.0	0.0	0.0	0.0	0.0	0.0	
2.9219219219219217	0.0	0.0	0.0	0.0	0.0	0.0	0.0	0.0	0.0	
2.924924924924925	0.0	0.0	0.0	0.0	0.0	0.0	0.0	0.0	0.0	
2.9279279279279278	0.0	0.0	0.0	0.0	0.0	0.0	0.0	0.0	0.0	
2.930930930930931	0.0	0.0	0.0	0.0	0.0	0.0	0.0	0.0	0.0	
2.933933933933934	0.0	0.0	0.0	0.0	0.0	0.0	0.0	0.0	0.0	
2.9369369369369367	0.0	0.0	0.0	0.0	0.0	0.0	0.0	0.0	0.0	
2.93993993993994	0.0	0.0	0.0	0.0	0.0	0.0	0.0	0.0	0.0	
2.942942942942943	0.0	0.0	0.0	0.0	0.0	0.0	0.0	0.0	0.0	
2.945945945945946	0.0	0.0	0.0	0.0	0.0	0.0	0.0	0.0	0.0	
2.948948948948949	0.0	0.0	0.0	0.0	0.0	0.0	0.0	0.0	0.0	
2.951951951951952	0.0	0.0	0.0	0.0	0.0	0.0	0.0	0.0	0.0	
2.954954954954955	0.0	0.0	0.0	0.0	0.0	0.0	0.0	0.0	0.0	
2.957957957957958	0.0	0.0	0.0	0.0	0.0	0.0	0.0	0.0	0.0	
2.960960960960961	0.0	0.0	0.0	0.0	0.0	0.0	0.0	0.0	0.0	
2.963963963963964	0.0	0.0	0.0	0.0	0.0	0.0	0.0	0.0	0.0	
2.966966966966967	0.0	0.0	0.0	0.0	0.0	0.0	0.0	0.0	0.0	
2.96996996996997	0.0	0.0	0.0	0.0	0.0	0.0	0.0	0.0	0.0	
2.972972972972973	0.0	0.0	0.0	0.0	0.0	0.0	0.0	0.0	0.0	
2.975975975975976	0.0	0.0	0.0	0.0	0.0	0.0	0.0	0.0	0.0	
2.978978978978979	0.0	0.0	0.0	0.0	0.0	0.0	0.0	0.0	0.0	
2.981981981981982	0.0	0.0	0.0	0.0	0.0	0.0	0.0	0.0	0.0	
2.984984984984985	0.0	0.0	0.0	0.0	0.0	0.0	0.0	0.0	0.0	
2.987987987987988	0.0	0.0	0.0	0.0	0.0	0.0	0.0	0.0	0.0	
2.990990990990991	0.0	0.0	0.0	0.0	0.0	0.0	0.0	0.0	0.0	
2.993993993993994	0.0	0.0	0.0	0.0	0.0	0.0	0.0	0.0	0.0	
2.996996996996997	0.0	0.0	0.0	0.0	0.0	0.0	0.0	0.0	0.0	
3.0	0.0	0.0	0.0	0.0	0.0	0.0	0.0	0.0	0.0	
