0.0	0.0	0.0	0.0	0.0	0.0	
0.003003003003003003	0.0	0.0	0.0	0.0	0.0	
0.006006006006006006	0.0	0.0	0.0	0.0	0.0	
0.009009009009009009	0.0	0.0	0.0	0.0	0.0	
0.012012012012012012	0.0	0.0	0.0	0.0	0.0	
0.015015015015015015	0.0	0.0	0.0	0.0	0.0	
0.018018018018018018	0.0	0.0	0.0	0.0	0.0	
0.02102102102102102	8.926789818341372e-05	0.0	0.0	0.0	0.0	
0.024024024024024024	0.00033531262904964835	0.0	0.0	0.0	0.0	
0.02702702702702703	0.000581357359915883	0.0	0.0	0.0	0.0	
0.03003003003003003	0.0008243333194782087	0.0	0.0	0.0	0.0	
0.03303303303303303	0.0009768512082025586	0.0	0.0	0.0	0.0	
0.036036036036036036	0.0011293690969269086	0.0	0.0	0.0	0.0	
0.03903903903903904	0.0019875283129155872	0.0	0.0	0.0	0.0	
0.04204204204204204	0.003105992830227486	0.0	0.0	0.0	0.0	
0.04504504504504504	0.004681640290039812	0.0	0.0	0.0	0.0	
0.04804804804804805	0.006867730028422166	0.0	0.0	0.0	0.0	
0.05105105105105105	0.009002602043647322	0.0	0.0	0.0	0.0	
0.05405405405405406	0.010781977412098081	0.0	0.0	0.0	0.0	
0.057057057057057055	0.012561352780548835	0.0	0.0	0.0	0.0	
0.06006006006006006	0.011032752402024346	6.490631740733202e-05	0.0	0.0	0.0	
0.06306306306306306	0.00879582336740054	0.00014470594137079942	0.0	0.0	0.0	
0.06606606606606606	0.007380540336772382	0.00022450556533426698	0.0	0.0	0.0	
0.06906906906906907	0.006719629485633531	0.00020240162207635668	0.0	0.0	0.0	
0.07207207207207207	0.00640394421012861	7.138061792555267e-05	0.0	0.0	0.0	
0.07507507507507508	0.007319051542474711	0.0	0.0	0.0	0.0	
0.07807807807807808	0.008234158874820813	0.0	0.0	0.0	0.0	
0.08108108108108109	0.009242480615602861	0.0	0.0	0.0	0.0	
0.08408408408408408	0.010259266540431859	0.0	0.0	0.0	0.0	
0.08708708708708708	0.012494365794080921	0.0	0.0	0.0	0.0	
0.09009009009009009	0.015493884272326477	0.0	0.0	0.0	0.0	
0.09309309309309309	0.019731294136850406	0.0	0.0	0.0	0.0	
0.0960960960960961	0.02669627772192907	0.0	0.0	0.0	0.0	
0.0990990990990991	0.03369991542045107	4.487742823829254e-05	0.0	0.0	0.0	
0.1021021021021021	0.04457952481612138	0.00017589843238909625	0.0	0.0	0.0	
0.10510510510510511	0.0554591342117917	0.0003069194365398998	0.0	0.0	0.0	
0.10810810810810811	0.05547492877390855	0.00043794044069070284	0.0	0.0	3.3569219204427758e-06	
0.1111111111111111	0.05100107070466096	0.0004564735971070672	0.0	0.0	1.2117107800589298e-05	
0.11411411411411411	0.04941184205930656	0.000194431588805461	2.6398498791508104e-05	0.0	2.087729368073586e-05	
0.11711711711711711	0.05205548546386196	0.0	9.632575981475064e-05	0.0	2.900342734186453e-05	
0.12012012012012012	0.056149527175123226	0.0	0.00016625302083799316	0.0	2.5845816406020174e-05	
0.12312312312312312	0.07287565563856031	4.517170537700059e-05	0.00022807757036712674	0.0	2.268820547017582e-05	
0.12612612612612611	0.08960178410199732	0.0002417032116032043	0.00012747060443045469	0.0	1.9530594534331483e-05	
0.12912912912912913	0.1257451469369189	0.00037217539094292585	2.6863638493781735e-05	0.0	1.6372983598487115e-05	
0.13213213213213212	0.16672161970752747	0.00024115438679212368	0.0	0.0	1.3215372662642774e-05	
0.13513513513513514	0.17404844577921375	0.0001214998782702469	0.0	0.0	1.0057761726798406e-05	
0.13813813813813813	0.14751033314117692	5.598937619484506e-05	2.1049740054419467e-05	0.0	6.900150790954069e-06	
0.14114114114114115	0.1276921275297797	9.521125880557357e-06	7.135322302275595e-05	0.0	3.7425398551097014e-06	
0.14414414414414414	0.1354197005584801	7.503162795595891e-05	0.00011120107321630538	0.0	5.849289192653607e-07	
0.14714714714714713	0.14314727358718046	0.00014054213003136042	6.089759024796936e-05	1.485779379437759e-05	7.718046049736947e-06	
0.15015015015015015	0.16132629588835867	0.00020605263210676228	1.0594107279632877e-05	4.021741811798693e-05	1.7190878857270053e-05	
0.15315315315315314	0.18074690705259286	0.0002715631341821636	3.970937568870332e-05	6.557704244159604e-05	2.6663711664803075e-05	
0.15615615615615616	0.2312626723131816	0.0003370736362575663	9.001285865704e-05	7.767533402039285e-05	3.613654447233618e-05	
0.15915915915915915	0.30325111579107455	0.0003985991216975212	0.00011642888960369868	5.1209359166458365e-05	4.560937727986921e-05	
0.16216216216216217	0.3618292541181719	0.0003985991216975212	0.00011642888960369868	2.4743384312523628e-05	5.5082210087402314e-05	
0.16516516516516516	0.38745225942386263	0.0004071577092458321	0.00010836336124904739	0.0	6.455504289493533e-05	
0.16816816816816815	0.41307526472955336	0.0006691997175474374	5.805987828071138e-05	0.0	7.402787570246836e-05	
0.17117117117117117	0.4700075806642967	0.0009294760630167956	7.756395312374887e-06	0.0	8.350070851000147e-05	
0.17417417417417416	0.5273543068246522	0.0007984550588659931	0.0	0.0	8.205497256779346e-05	
0.17717717717717718	0.6277570153611971	0.0006674340547151894	0.0	0.0	7.258213976026036e-05	
0.18018018018018017	0.7479919509722259	0.0013039259641532647	0.0	0.0	6.310930695272736e-05	
0.1831831831831832	0.886129630382247	0.0019590309849072877	0.0	0.0	5.363647414519427e-05	
0.18618618618618618	1.0531875578316514	0.0019929956084876062	0.0	0.0	4.4163641337661266e-05	
0.1891891891891892	1.2170546252374121	0.0019929956084876062	0.0	0.0	3.469080853012818e-05	
0.1921921921921922	1.3442545444335197	0.0024148762982705977	0.0	0.0	2.521797572259518e-05	
0.19519519519519518	1.4714544636296272	0.0028734498127983973	4.5384799623219314e-05	0.0	1.574514291506217e-05	
0.1981981981981982	1.7103573402141952	0.003974679629753158	9.5688282591556e-05	0.0	6.272310107529089e-06	
0.2012012012012012	1.9811782712923984	0.005153868667110394	8.686601364750525e-05	0.0	0.0	
0.2042042042042042	2.2028324005118085	0.0063330577044676374	3.6562530679168774e-05	7.990067652084784e-06	0.0	
0.2072072072072072	2.370246203034903	0.00751224674182487	1.3740952289167256e-05	3.445604250601928e-05	0.0	
0.21021021021021022	2.560110379065692	0.00836304041483877	6.404443525750374e-05	6.0922017359954014e-05	0.0	
0.2132132132132132	2.857164387004483	0.00914916643974359	0.00011434791822583976	8.150710578134898e-05	0.0	
0.21621621621621623	3.1542183949432774	0.012896975159277554	0.00011642888960369868	5.5041130927414246e-05	0.0	
0.21921921921921922	3.572940002219499	0.017351689300404798	0.00011642888960369868	2.8575156073479752e-05	0.0	
0.2222222222222222	4.009700396229794	0.02098973430189772	0.00014882947752714988	2.1091812195452595e-06	0.0	
0.22522522522522523	4.145370035720335	0.0243962804098187	0.00019913296049548678	0.0	0.0	
0.22822822822822822	4.052588320079689	0.027507647808866928	0.00023285777920739828	0.0	0.0	
0.23123123123123124	4.005064678463918	0.03052113090433544	0.00023285777920739828	0.0	0.0	
0.23423423423423423	4.082238730158439	0.03415017806229927	0.00023285777920739828	0.0	0.0	
0.23723723723723725	4.159412781852961	0.03801529768474801	0.00023285777920739787	0.0	0.0	
0.24024024024024024	4.050156381230909	0.04110682020350187	0.00023285777920739747	0.0	0.0	
0.24324324324324323	3.9339377500229546	0.04385826129066855	0.00019761947931668796	0.0	0.0	
0.24624624624624625	4.14766667237908	0.053202414055119954	0.0001473159963483515	0.0	0.0	
0.24924924924924924	4.530079858707259	0.06584594095567259	0.00013584526582738183	0.0	0.0	
0.25225225225225223	4.822557005749398	0.08045477156303434	0.00018614874879571767	0.0	0.0	
0.2552552552552553	4.954739175977177	0.09617729206113107	0.00023285777920739741	0.0	0.0	
0.25825825825825827	5.0881264456651145	0.10486516247752714	0.0002328577792073982	0.0	0.0	
0.26126126126126126	5.241406923833086	0.10905783461035237	0.000232857779207399	0.0	0.0	
0.26426426426426425	5.394687402001057	0.12876706956952277	0.0001947817673494306	0.0	0.0	
0.26726726726726724	5.886586669293128	0.15962251604703726	0.00014447828438109297	0.0	0.0	
0.2702702702702703	6.488473097495664	0.20063604423180598	0.0002054452423674685	0.0	0.0	
0.2732732732732733	6.946684879112528	0.24983443129043276	0.00040665917424081337	0.0	0.0	
0.27627627627627627	7.231079902287225	0.28350331278424784	0.0005757122834945827	0.0	0.0	
0.27927927927927926	7.419000009103516	0.3031564634068684	0.0005254088005262442	0.0	0.0	
0.2822822822822823	7.0612438814523975	0.33375922360728866	0.00047510531755790486	0.0	0.0	
0.2852852852852853	6.703487753801286	0.3754239029272425	0.0005066292822400206	0.0	0.0	
0.2882882882882883	6.25748782464343	0.4014405204637006	0.0005569327652083563	0.0	0.0	
0.2912912912912913	5.795663657586099	0.4097603542272783	0.0005319608477020955	0.0	0.0	
0.29429429429429427	5.38460449944239	0.4240041517614312	0.0004313538817654227	0.0	0.0	
0.2972972972972973	5.015816244506906	0.44575363845046506	0.0003400167923199222	0.0	0.0	
0.3003003003003003	4.676485819464833	0.47651144596744666	0.00028971330935158654	0.0	0.0	
0.3033033033033033	4.428745928880248	0.5200759298475889	0.00023940982638325092	0.0	0.0	
0.3063063063063063	4.181006038295663	0.5585234648434856	0.0003203606507923643	0.0	0.0	
0.30930930930930933	4.036415518677791	0.588789316802319	0.00042096761672904057	0.0	0.0	
0.3123123123123123	3.898285150789772	0.6389356137875186	0.0006332926311675425	0.0	0.0	
0.3153153153153153	3.936329138130677	0.7249509030125232	0.0009351135289775556	0.0	0.0	
0.3183183183183183	4.074001952352523	0.839345671266541	0.0011642888960369795	0.0	0.0	
0.3213213213213213	4.283349470595189	1.0117693127289986	0.0011642888960369875	0.0	0.0	
0.32432432432432434	4.634038936068717	1.186278030954973	0.0011642888960369953	0.0	0.0	
0.32732732732732733	4.979131161306518	1.3656457856374167	0.0013972346348357007	0.0	0.0	
0.3303303303303303	5.166067253586329	1.5393451376092984	0.0016487520496773788	0.0	0.0	
0.3333333333333333	5.35300334586614	1.6978805526317762	0.001592597223591903	0.0	0.0	
0.3363363363363363	5.1675554788854114	1.8269492238152747	0.001341079808750225	0.0	0.0	
0.33933933933933935	4.845691894380787	1.8646832730107068	0.0012240700977397432	0.0	0.0	
0.34234234234234234	4.585526954281104	1.905710643524661	0.0014252840296130889	0.0	0.0	
0.34534534534534533	4.407284381658581	1.958708639703661	0.0016264979614864345	0.0	0.0	
0.3483483483483483	4.249855205288897	2.041986871126708	0.00123458957663579	0.0	0.0	
0.35135135135135137	4.235111809378877	2.2564027444194914	0.0008321617128890976	0.0	0.0	
0.35435435435435436	4.220368413468856	2.4447825066120785	0.000900202953982033	0.0	0.0	
0.35735735735735735	4.07304407167437	2.495880698230902	0.0012020238517920561	0.0	0.0	
0.36036036036036034	3.897597660345126	2.559085320206343	0.0015216277619950233	0.0	0.0	
0.36336336336336333	3.740965868712016	2.702422298747322	0.0018737521427733736	0.0	0.0	
0.3663663663663664	3.601513679121717	2.862013621358225	0.002204304547566586	0.0	0.0	
0.36936936936936937	3.505394784838934	3.163034378394681	0.0020030906156932437	0.0	0.0	
0.37237237237237236	3.562538153814324	3.4703073891889495	0.0018018766838199009	0.0	0.0	
0.37537537537537535	3.6196815227897137	3.854788525869495	0.0022930730644639442	0.0	0.0	
0.3783783783783784	3.416601642473836	4.2222131652737405	0.0030476253089890045	0.0	0.0	
0.3813813813813814	3.1903159349031425	4.241800805394285	0.00407024697019672	0.0	0.0	
0.3843843843843844	2.953635833518759	4.262072308482725	0.005478744493310117	0.0	0.0	
0.38738738738738737	2.7104714795959044	4.318476850769645	0.006887242016423517	0.0	0.0	
0.39039039039039036	2.4924604680594755	4.374881393056567	0.008295739539536938	0.0	0.0	
0.3933933933933934	2.329520523605626	4.501877519082306	0.009704237062650384	0.0	0.0	
0.3963963963963964	2.1668909651583057	4.6295574876272445	0.011348416745730722	0.0	0.0	
0.3993993993993994	2.031556758563566	4.762028237817807	0.013058735166654132	0.0	0.0	
0.4024024024024024	1.8962225519688265	4.894687004520517	0.015777766349658467	0.0	0.0	
0.40540540540540543	1.7534996311114446	4.847076405134816	0.019651134538220524	0.0	0.0	
0.4084084084084084	1.6077433687872078	4.7867412327233705	0.024211788866221842	0.0	0.0	
0.4114114114114114	1.5247950456049864	5.114943412953837	0.032612470521933945	0.0	0.0	
0.4144144144144144	1.5334885652622743	5.483505497630048	0.04101315217764605	0.0	0.0	
0.4174174174174174	1.5371310520759935	5.814059757520766	0.049666542265128594	0.0	0.0	
0.42042042042042044	1.4974255617114205	6.139319400325114	0.05836904481865081	0.0	0.0	
0.42342342342342343	1.4577200713468481	6.370187956885136	0.068386354786909	0.0	0.0	
0.4264264264264264	1.3479603785830472	6.58434178816965	0.07960403148884802	0.0	0.0	
0.4294294294294294	1.220912977275664	6.372537623746398	0.08865354369285411	0.0	0.0	
0.43243243243243246	1.1175714276693278	6.068110320602	0.08945839942034749	0.0	0.0	
0.43543543543543545	1.0379570897552173	6.253551247604883	0.09026325514784087	0.0	0.0	
0.43843843843843844	0.9615856073267737	6.566691447525304	0.10540900594868684	0.0	0.0	
0.44144144144144143	0.8983923620986515	6.655950019228052	0.12226067274307953	0.0	0.0	
0.4444444444444444	0.8351991168705293	6.676454806377622	0.14019029236716565	0.0	0.0	
0.44744744744744747	0.7609922833091955	6.704055818991329	0.15890318803138745	0.0	0.0	
0.45045045045045046	0.6854959283906424	6.7341906499460435	0.17832161633514113	0.0	0.0	
0.45345345345345345	0.6128932337610702	6.564080340036158	0.1997005965966835	0.0	0.0	
0.45645645645645644	0.5422774512816965	6.311668375539635	0.22107957685822585	0.0	0.0	
0.45945945945945943	0.47594609799329946	6.059746822977371	0.23605422866966957	0.0	0.0	
0.4624624624624625	0.420073711423945	5.8080554740036465	0.2506925422134557	3.980082154749456e-06	0.0	
0.46546546546546547	0.3642013248545916	5.669832276121361	0.2761372471707238	3.044605700868387e-05	0.0	
0.46846846846846846	0.34395249374901676	5.592071310157886	0.3077781379578069	5.6912031862618284e-05	0.0	
0.47147147147147145	0.3241251682148513	5.679146655744145	0.3505138373071287	8.33780067165527e-05	0.0	
0.4744744744744745	0.3182832743383197	5.865458523646591	0.4167132208934607	5.9051116424749535e-05	0.0	
0.4774774774774775	0.31884250659697566	6.070122384668413	0.48318756566685206	3.258514157081527e-05	0.0	
0.4804804804804805	0.3166120966776294	6.287224188546295	0.5915915714636153	6.11916671688101e-06	0.0	
0.48348348348348347	0.30990130957375805	6.347373184050706	0.6999955772603785	0.0	0.0	
0.48648648648648646	0.30186171525350697	6.2880861796724385	0.7881405796547833	0.0	0.0	
0.4894894894894895	0.2788315140561297	5.998772685535139	0.867267958363978	0.0	0.0	
0.4924924924924925	0.25580131285875296	5.513274354654368	0.965344722881584	1.5297183701238607e-05	0.0	
0.4954954954954955	0.23431592044652247	5.144393206271745	1.0946749775931832	4.176315855517302e-05	0.0	
0.4984984984984985	0.2132684518025622	4.886871422613342	1.2268509600441164	6.822913340910744e-05	0.0	
0.5015015015015015	0.19881482912410423	4.609052172118432	1.4014040459442358	9.469510826304234e-05	0.0	
0.5045045045045045	0.19159564905781848	4.3095381566297	1.5759571318443488	0.00012116108311697627	0.0	
0.5075075075075075	0.18499762658037655	4.10640220379843	1.8639406171858646	0.00014762705797091117	0.0	
0.5105105105105106	0.1813371972509921	4.01861813101739	2.1900580972695876	0.00018448890248406446	0.0	
0.5135135135135135	0.17767676792160778	3.915587914653818	2.4977552161660705	0.0002638868270458673	0.0	
0.5165165165165165	0.17751956003043098	3.792100618241683	2.781416556624539	0.0003432847516076731	0.0	
0.5195195195195195	0.17787543510412113	3.5328982277747203	3.043838756523518	0.00042327591774464734	0.0	
0.5225225225225225	0.1674231971817067	3.0691493835829418	3.1495263742399957	0.0006085377417221912	0.0	
0.5255255255255256	0.14881601475733575	2.6435504455650225	3.2552139919564733	0.0007937995656997351	0.0	
0.5285285285285285	0.13407343996078602	2.282718600133716	3.5042579611648375	0.000979061389677272	0.0	
0.5315315315315315	0.12990461766898703	1.9879680374719997	3.7880702120721716	0.0011211938920309887	0.0	
0.5345345345345345	0.1257357953771882	1.8200646206527327	4.086186877968632	0.0012535237663006576	0.0	
0.5375375375375375	0.12063447838077417	1.6420705866036829	4.399175148997651	0.0013858536405703314	0.0	
0.5405405405405406	0.11549970946038764	1.4420670237674964	4.697027866342266	0.0017824240968575826	0.0	
0.5435435435435435	0.10985928652376543	1.2421197041112286	4.923896574529425	0.0023382095687902033	0.0	
0.5465465465465466	0.10396192815975715	1.0423126727812493	5.150765282716592	0.0028939950407228443	0.0	
0.5495495495495496	0.0964688273811765	0.8543879983453481	5.231420823072154	0.0036102962798194413	0.0	
0.5525525525525525	0.08614845024416237	0.7006348499743827	5.288515276241251	0.004536605399707122	0.0	
0.5555555555555556	0.07627111952911915	0.5668322095668404	5.520815392173782	0.005462914519594838	0.0	
0.5585585585585585	0.0735257975320809	0.49988047644578104	5.898393335334112	0.006716428802210371	0.0	
0.5615615615615616	0.07078047553504255	0.4318982371679996	6.174577909755508	0.00899250263964876	0.0	
0.5645645645645646	0.06503649336082974	0.3598366848850562	6.115421013784701	0.011268576477087148	0.0	
0.5675675675675675	0.058325706256958494	0.29118500689575655	6.056264117813896	0.013551481129868719	0.0	
0.5705705705705706	0.05327638829691408	0.2387766052354341	6.211336394759244	0.015959884841576857	0.0	
0.5735735735735735	0.05022603052242714	0.1883866296892988	6.385637963244522	0.018368288553284907	0.0	
0.5765765765765766	0.04699069132195521	0.14986645446896182	6.505239741987339	0.020776692264993048	0.0	
0.5795795795795796	0.04272019043767333	0.1145085886059026	6.588844130680759	0.02512160962307672	0.0	
0.5825825825825826	0.038449689553391626	0.10297874024063208	6.72746523850645	0.02977962119736904	0.0	
0.5855855855855856	0.03594950531355608	0.09123317675454769	7.001719827649827	0.034437632771661536	0.0	
0.5885885885885885	0.033763415575173775	0.07727943981248678	7.275974416793194	0.04248262615468661	0.0	
0.5915915915915916	0.03213352691334536	0.06349704792246111	7.573845966760374	0.052195638926080666	0.0	
0.5945945945945946	0.030964223099791993	0.05236026256964337	7.872346834694491	0.06190865169747472	0.0	
0.5975975975975976	0.029384344740116145	0.041242731806958595	7.840150128422669	0.071659714262714	0.0	
0.6006006006006006	0.026537344150594902	0.0306955409728187	7.637225878128343	0.08145212495867023	0.0	
0.6036036036036035	0.02369034356107376	0.020178929170825175	7.441486182467321	0.09124453565462608	0.0	
0.6066066066066066	0.022041156677536516	0.0164448305525272	7.259387574121944	0.10390719505800886	0.0	
0.6096096096096096	0.020465138494051544	0.012710731934229225	7.08150676283286	0.12365081229904405	0.0	
0.6126126126126126	0.01960509155170486	0.009360388284825086	7.037893643099362	0.14339442954007853	0.0	
0.6156156156156156	0.019147537885531803	0.00601935267897953	6.9942805233658625	0.16521301142315395	0.0	
0.6186186186186187	0.018312117798348154	0.005224982534224494	6.847056183410236	0.20620880647189888	2.6438238959508404e-05	
0.6216216216216216	0.016736099614863238	0.0045698775134704874	6.658719943176786	0.2472046015206423	6.11719592537953e-05	
0.6246246246246246	0.015212494450723915	0.0037339672267598222	6.509737343133348	0.28820039656938723	9.590567954808348e-05	
0.6276276276276276	0.015110815858241016	0.0028823306997796143	6.4194425912051845	0.3725168525398758	0.00013063939984237036	
0.6306306306306306	0.015009137265758114	0.0017970019638506745	6.338110268309888	0.4612837321999751	0.00016537312013665856	
0.6336336336336337	0.014311006820135473	0.0006833234285688228	6.350987959949696	0.5500506118600743	0.00020010684043094673	
0.6366366366366366	0.013395899487789392	0.0005314654955966909	6.363865651589502	0.6870281784706402	0.00023484056072523363	
0.6396396396396397	0.012371242955911584	0.0005314654955966861	6.039047458571442	0.8431244981591433	0.0002695742810195218	
0.6426426426426426	0.011201939142358258	0.0004767331828562555	5.614687276250661	0.9992208178476404	0.0003043080013138087	
0.6456456456456456	0.00998684525586478	0.0004112226807808584	5.234428434442489	1.2077521519540342	0.00039351006006308983	
0.6486486486486487	0.008461666368621256	0.0002928252357133917	4.9063994220059595	1.463678128791591	0.0005324449412402428	
0.6516516516516516	0.00693648748137779	0.00016180423156259048	4.59481791764636	1.7196041056291382	0.0006713798224173906	
0.6546546546546547	0.006797715626628282	0.00013286637389917376	4.381581453343576	1.9949768122673393	0.0008103147035945437	
0.6576576576576576	0.006950233515352629	0.00013286637389917376	4.1683449890408	2.3090485358589787	0.0009492495847716915	
0.6606606606606606	0.006010350134549642	8.367017040384914e-05	3.838504234357724	2.6231202594506295	0.0010881844659488445	
0.6636636636636637	0.004078456877374511	1.815966832844608e-05	3.484568928192499	2.927208276575635	0.0012271193471259975	
0.6666666666666666	0.0025637583222632653	4.735083374695455e-05	3.170701810425456	3.171780350200816	0.0013660542283031453	
0.6696696696696697	0.0025129190260218147	0.00011286133582235761	2.89468659937815	3.416352423826006	0.0015049891094802983	
0.6726726726726726	0.0024620797297803657	0.00010515082600739805	2.626587012970454	3.660924497451187	0.001715734802854908	
0.6756756756756757	0.0023177475779093803	6.525101402566365e-05	2.390210946502279	3.878109585419994	0.0021072785588996143	
0.6786786786786787	0.002165229689185028	2.5351202043929257e-05	2.153834880034104	4.093939610353859	0.0024988223149443206	
0.6816816816816816	0.001793065612161573	0.0	1.9181267150894208	4.309769635287715	0.0028903660709890125	
0.6846846846846847	0.0012846726497470653	0.0	1.6825052008657269	4.426955065007864	0.0032819098270337184	
0.6876876876876877	0.0008723374432424361	0.0	1.4837694119116118	4.513340006931109	0.0036734535830784247	
0.6906906906906907	0.0006689802582766404	0.0	1.3127878733022382	4.599724948854351	0.004064997339123117	
0.6936936936936937	0.0004681879735911775	0.0	1.1512623986340011	4.744438876902005	0.004456541095167823	
0.6966966966966966	0.0004681879735911775	0.0	1.017203616523386	4.932929549811687	0.0048480848512125144	
0.6996996996996997	0.0004681879735911775	0.0	0.883144834412766	5.121420222721377	0.005282174697945999	
0.7027027027027027	0.00043207585319453637	0.0	0.7964031680239867	5.29782768099624	0.006602056069128961	
0.7057057057057057	0.00038123655695308746	0.0	0.7125975653987296	5.4545591840812735	0.007921937440311874	
0.7087087087087087	0.0003096535412298902	0.0	0.6336810590364118	5.611290687166313	0.009241818811494835	
0.7117117117117117	0.00020797494874699236	0.0	0.557672496271268	5.772464643418847	0.010561700182677748	
0.7147147147147147	0.00011333060832932836	0.0	0.4874962883001444	5.952618534249585	0.01188158155386071	
0.7177177177177178	7.818136106272296e-05	0.0	0.4301503177162394	6.132772425080323	0.01320146292504367	
0.7207207207207207	4.303211379611887e-05	0.0	0.37280434713233657	6.312926315911055	0.014521344296226583	
0.7237237237237237	7.882866529513471e-06	0.0	0.32173365056959496	6.227133327337573	0.015841225667409545	
0.7267267267267267	0.0	0.0	0.27067561535673407	6.141039511137681	0.017161107038592457	
0.7297297297297297	0.0	0.0	0.232235138684207	6.054945694937785	0.02149693449133799	
0.7327327327327328	0.0	0.0	0.19963848172072166	5.998942609773239	0.02655226959962488	
0.7357357357357357	0.0	0.0	0.17181131937990035	5.950086420192921	0.03160760470791159	
0.7387387387387387	0.0	0.0	0.15214265753928338	5.901230230612601	0.036662939816198475	
0.7417417417417418	0.0	0.0	0.13271753718263854	5.874363404305315	0.04171827492448538	
0.7447447447447447	0.0	0.0	0.1175258853262011	5.861130416878348	0.046773610032772084	
0.7477477477477478	0.0	0.0	0.1023342334697631	5.847897429451381	0.05182894514105897	
0.7507507507507507	0.0	0.0	0.08535611855078784	5.770948208163362	0.05688428024934568	
0.7537537537537538	0.0	0.0	0.06774989951186962	5.60831479268589	0.06193961535763257	
0.7567567567567568	0.0	0.0	0.05358844561815616	5.445681377208419	0.0724005720659794	
0.7597597597597597	0.0	0.0	0.044081087337140674	5.333035877908437	0.08695715848022156	
0.7627627627627628	0.0	0.0	0.034969492508744454	5.38250078491048	0.10151374489446427	
0.7657657657657657	0.0	0.0	0.029033681518480518	5.431965691912521	0.11607033130870645	
0.7687687687687688	0.0	0.0	0.023097870528216363	5.471670407200609	0.13062691772294915	
0.7717717717717718	0.0	0.0	0.017282226615263234	5.3036908648026815	0.14518350413719186	
0.7747747747747747	0.0	0.0	0.011497326073905094	5.1357113224047595	0.159740090551434	
0.7777777777777778	0.0	0.0	0.007311854271351335	4.967731780006831	0.17429667696567674	
0.7807807807807807	0.0	0.0	0.004846983605902876	4.8346080678239876	0.18885326337991892	
0.7837837837837838	0.0	0.0	0.002642880138639395	4.707439058650795	0.21510089566349036	
0.7867867867867868	0.0	0.0	0.0017374174452093154	4.580270049477603	0.26503219739199796	
0.7897897897897898	0.0	0.0	0.0008319547517792697	4.496864845863704	0.3149634991205037	
0.7927927927927928	0.0	0.0	0.0006556799332181416	4.43567551200144	0.36489480084901127	
0.7957957957957957	0.0	0.0	0.0006053764502498057	4.374486178139178	0.414826102577517	
0.7987987987987988	0.0	0.0	0.000473858525070377	4.300404136820894	0.4647574043060246	
0.8018018018018018	0.0	0.0	0.0002726445931970244	4.211928382884188	0.5146887060345322	
0.8048048048048048	0.0	0.0	0.00013892800374370367	4.1234526289474855	0.5646200077630379	
0.8078078078078078	0.0	0.0	0.00023953496968037754	4.009740256501394	0.6145513094915456	
0.8108108108108109	0.0	0.0	0.0003401419356170514	3.8316771776840914	0.67045852804697	
0.8138138138138138	0.0	0.0	0.0002539299005711969	3.653614098866796	0.7853134682273687	
0.8168168168168168	0.0	0.0	0.000149039009036331	3.491749284963527	0.9001684084077716	
0.8198198198198198	0.0	0.0	4.414811750146899e-05	3.4918816148378222	1.0150233485881701	
0.8228228228228228	0.0	0.0	0.0	3.492013944712117	1.1298782887685732	
0.8258258258258259	0.0	0.0	0.0	3.4921462745864122	1.244733228948976	
0.8288288288288288	0.0	0.0	0.0	3.329906813530151	1.3595881691293747	
0.8318318318318318	0.0	0.0	0.0	3.149647058799976	1.4744431093097776	
0.8348348348348348	0.0	0.0	0.0	2.9693873040698078	1.5892980494901763	
0.8378378378378378	0.0	0.0	0.0	2.7668445586162043	1.704152989670579	
0.8408408408408409	0.0	0.0	0.0	2.5551696917344553	1.7990274213224773	
0.8438438438438438	0.0	0.0	0.0	2.3434948248527143	1.8904749916354644	
0.8468468468468469	0.0	0.0	0.0	2.1687757372408525	1.981922561948455	
0.8498498498498498	0.0	0.0	0.0	2.0283737406407307	2.0733701322614424	
0.8528528528528528	0.0	0.0	0.0	1.8879717440406034	2.1648177025744326	
0.8558558558558559	0.0	0.0	0.0	1.7612908750048426	2.2562652728874233	
0.8588588588588588	0.0	0.0	0.0	1.6627580506236344	2.3477128432004104	
0.8618618618618619	0.0	0.0	0.0	1.5642252262424223	2.439160413513401	
0.8648648648648649	0.0	0.0	0.0	1.4647973591547614	2.5306079838263917	
0.8678678678678678	0.0	0.0	0.0	1.3597274389846552	2.5921151983672717	
0.8708708708708709	0.0	0.0	0.0	1.254657518814545	2.634891353715156	
0.8738738738738738	0.0	0.0	0.0	1.1495875986444388	2.6776675090630384	
0.8768768768768769	0.0	0.0	0.0	1.0917431280931238	2.7204436644109227	
0.8798798798798799	0.0	0.0	0.0	1.0365880364975226	2.763219819758807	
0.8828828828828829	0.0	0.0	0.0	0.9814329449019232	2.8059959751066894	
0.8858858858858859	0.0	0.0	0.0	0.9246386420918454	2.8487721304545737	
0.8888888888888888	0.0	0.0	0.0	0.8673133405582178	2.891548285802456	
0.8918918918918919	0.0	0.0	0.0	0.809988039024588	2.9343244411503404	
0.8948948948948949	0.0	0.0	0.0	0.7639280676872403	2.9574644533532966	
0.8978978978978979	0.0	0.0	0.0	0.7265581111934916	2.9481147673722616	
0.9009009009009009	0.0	0.0	0.0	0.6891881546997414	2.9387650813912263	
0.9039039039039038	0.0	0.0	0.0	0.6532326300523411	2.9294153954101914	
0.9069069069069069	0.0	0.0	0.0	0.6196473079626971	2.920065709429156	
0.9099099099099099	0.0	0.0	0.0	0.5860619858730531	2.9107160234481206	
0.9129129129129129	0.0	0.0	0.0	0.55292208246024	2.9013663374670857	
0.9159159159159159	0.0	0.0	0.0	0.5217716300571548	2.8920166514860504	
0.9189189189189189	0.0	0.0	0.0	0.49062117765407065	2.8826669655050154	
0.9219219219219219	0.0	0.0	0.0	0.4594707252509854	2.8706410931666926	
0.924924924924925	0.0	0.0	0.0	0.4171869411513201	2.841935252148931	
0.9279279279279279	0.0	0.0	0.0	0.3748149154101754	2.8132294111311706	
0.9309309309309309	0.0	0.0	0.0	0.33244288966902924	2.7845235701134095	
0.933933933933934	0.0	0.0	0.0	0.298363283163489	2.755817729095648	
0.9369369369369369	0.0	0.0	0.0	0.26633945359022837	2.7271118880778875	
0.93993993993994	0.0	0.0	0.0	0.2343156240169666	2.698406047060126	
0.9429429429429429	0.0	0.0	0.0	0.20625065362502343	2.6697002060423656	
0.9459459459459459	0.0	0.0	0.0	0.1807109878909748	2.6409943650246044	
0.948948948948949	0.0	0.0	0.0	0.15517132215692617	2.6122885240068427	
0.9519519519519519	0.0	0.0	0.0	0.13164238261150152	2.5886429712827206	
0.954954954954955	0.0	0.0	0.0	0.11089305832601767	2.565560835341698	
0.9579579579579579	0.0	0.0	0.0	0.09014373404053462	2.5424786994006765	
0.960960960960961	0.0	0.0	0.0	0.07164243232681429	2.5193965634596536	
0.963963963963964	0.0	0.0	0.0	0.06071198471213899	2.496314427518631	
0.9669669669669669	0.0	0.0	0.0	0.04978153709746409	2.4732322915776095	
0.96996996996997	0.0	0.0	0.0	0.03899548167300164	2.4501501556365866	
0.9729729729729729	0.0	0.0	0.0	0.03184966846243924	2.427068019695565	
0.975975975975976	0.0	0.0	0.0	0.024703855251876565	2.403985883754542	
0.978978978978979	0.0	0.0	0.0	0.0175580420413139	2.3910510007111867	
0.9819819819819819	0.0	0.0	0.0	0.013977976506980006	2.3833116963074326	
0.984984984984985	0.0	0.0	0.0	0.011040253298193367	2.375572391903678	
0.9879879879879879	0.0	0.0	0.0	0.008102530089406838	2.367833087499924	
0.990990990990991	0.0	0.0	0.0	0.006607053191610497	2.3600937830961692	
0.993993993993994	0.0	0.0	0.0	0.005866005895700307	2.3523544786924147	
0.996996996996997	0.0	0.0	0.0	0.0051249585997901435	2.34461517428866	
1.0	0.0	0.0	0.0	0.004235989258171348	2.3368758698849055	
1.003003003003003	0.0	0.0	0.0	0.0031773502640139234	2.329136565481151	
1.006006006006006	0.0	0.0	0.0	0.002118711269856499	2.315111433204055	
1.009009009009009	0.0	0.0	0.0	0.0012638342314830677	2.2925092541252807	
1.012012012012012	0.0	0.0	0.0	0.0009462425332358603	2.269907075046505	
1.015015015015015	0.0	0.0	0.0	0.0006286508349886531	2.2473048959677286	
1.018018018018018	0.0	0.0	0.0	0.0003355626077197251	2.224702716888953	
1.021021021021021	0.0	0.0	0.0	0.00030909663286578975	2.2021005378101766	
1.024024024024024	0.0	0.0	0.0	0.00028263065801185634	2.179498358731402	
1.027027027027027	0.0	0.0	0.0	0.000256164683157921	2.156896179652626	
1.03003003003003	0.0	0.0	0.0	0.00018241083092624	2.13429400057385	
1.033033033033033	0.0	0.0	0.0	0.0001030129063644339	2.1070248258686752	
1.0360360360360361	0.0	0.0	0.0	2.3614981802627785e-05	2.059123867971918	
1.039039039039039	0.0	0.0	0.0	0.0	2.0112229100751637	
1.042042042042042	0.0	0.0	0.0	0.0	1.9633219521784064	
1.045045045045045	0.0	0.0	0.0	0.0	1.915420994281649	
1.048048048048048	0.0	0.0	0.0	1.3544689817242132e-05	1.8675200363848916	
1.0510510510510511	0.0	0.0	0.0	4.001066467117749e-05	1.819619078488134	
1.054054054054054	0.0	0.0	0.0	6.647663952511089e-05	1.7717181205913803	
1.057057057057057	0.0	0.0	0.0	7.595248361619267e-05	1.7238171626946228	
1.06006006006006	0.0	0.0	0.0	4.948650876225732e-05	1.6759162047978653	
1.063063063063063	0.0	0.0	0.0	2.3020533908321952e-05	1.653478063665337	
1.0660660660660661	0.0	0.0	0.0	0.0	1.632492581385715	
1.069069069069069	0.0	0.0	0.0	0.0	1.6115070991060947	
1.072072072072072	0.0	0.0	0.0	0.0	1.5905216168264729	
1.075075075075075	0.0	0.0	0.0	0.0	1.5695361345468508	
1.078078078078078	0.0	0.0	0.0	0.0	1.548550652267229	
1.0810810810810811	0.0	0.0	0.0	0.0	1.5275651699876072	
1.084084084084084	0.0	0.0	0.0	0.0	1.506579687707987	
1.087087087087087	0.0	0.0	0.0	0.0	1.4855942054283648	
1.09009009009009	0.0	0.0	0.0	0.0	1.471908084942526	
1.093093093093093	0.0	0.0	0.0	0.0	1.4612385175903075	
1.0960960960960962	0.0	0.0	0.0	1.4762542492102417e-05	1.4505689502380894	
1.0990990990990992	0.0	0.0	0.0	4.122851734603717e-05	1.439899382885871	
1.102102102102102	0.0	0.0	0.0	6.769449219996997e-05	1.4292298155336536	
1.105105105105105	0.0	0.0	0.0	7.514065762661148e-05	1.4185602481814354	
1.1081081081081081	0.0	0.0	0.0	4.978103330300169e-05	1.407890680829217	
1.1111111111111112	0.0	0.0	0.0	2.4421408979391893e-05	1.397221113476999	
1.1141141141141142	0.0	0.0	0.0	0.0	1.3865515461247806	
1.117117117117117	0.0	0.0	0.0	0.0	1.371452742382523	
1.12012012012012	0.0	0.0	0.0	0.0	1.35134191833213	
1.1231231231231231	0.0	0.0	0.0	0.0	1.331231094281737	
1.1261261261261262	0.0	0.0	0.0	0.0	1.311120270231344	
1.1291291291291292	0.0	0.0	0.0	0.0	1.291009446180951	
1.132132132132132	0.0	0.0	0.0	0.0	1.2708986221305594	
1.135135135135135	0.0	0.0	0.0	0.0	1.2507877980801665	
1.1381381381381381	0.0	0.0	0.0	0.0	1.2306769740297734	
1.1411411411411412	0.0	0.0	0.0	0.0	1.2105661499793805	
1.1441441441441442	0.0	0.0	0.0	0.0	1.1896453124306992	
1.147147147147147	0.0	0.0	0.0	0.0	1.166023225019649	
1.15015015015015	0.0	0.0	0.0	0.0	1.142401137608597	
1.1531531531531531	0.0	0.0	0.0	0.0	1.118779050197545	
1.1561561561561562	0.0	0.0	0.0	0.0	1.095156962786493	
1.1591591591591592	0.0	0.0	0.0	0.0	1.071534875375441	
1.162162162162162	0.0	0.0	0.0	0.0	1.0479127879643908	
1.165165165165165	0.0	0.0	0.0	0.0	1.0242907005533386	
1.1681681681681682	0.0	0.0	0.0	0.0	1.0006686131422868	
1.1711711711711712	0.0	0.0	0.0	0.0	0.9770465257312347	
1.1741741741741742	0.0	0.0	0.0	0.0	0.969274891299804	
1.177177177177177	0.0	0.0	0.0	0.0	0.9616271576131886	
1.1801801801801801	0.0	0.0	0.0	0.0	0.9539794239265728	
1.1831831831831832	0.0	0.0	0.0	0.0	0.9463316902399568	
1.1861861861861862	0.0	0.0	0.0	0.0	0.9386839565533409	
1.1891891891891893	0.0	0.0	0.0	0.0	0.9310362228667249	
1.192192192192192	0.0	0.0	0.0	0.0	0.9233884891801095	
1.1951951951951951	0.0	0.0	0.0	0.0	0.9157407554934937	
1.1981981981981982	0.0	0.0	0.0	0.0	0.9080930218068777	
1.2012012012012012	0.0	0.0	0.0	0.0	0.8977699441922598	
1.2042042042042043	0.0	0.0	0.0	0.0	0.8865730558137563	
1.207207207207207	0.0	0.0	0.0	0.0	0.8753761674352538	
1.2102102102102101	0.0	0.0	0.0	0.0	0.8641792790567504	
1.2132132132132132	0.0	0.0	0.0	0.0	0.852982390678247	
1.2162162162162162	0.0	0.0	0.0	0.0	0.8417855022997437	
1.2192192192192193	0.0	0.0	0.0	0.0	0.8305886139212403	
1.2222222222222223	0.0	0.0	0.0	0.0	0.8193917255427369	
1.2252252252252251	0.0	0.0	0.0	0.0	0.8081948371642343	
1.2282282282282282	0.0	0.0	0.0	0.0	0.7950500962226326	
1.2312312312312312	0.0	0.0	0.0	0.0	0.7800735475539226	
1.2342342342342343	0.0	0.0	0.0	0.0	0.7650969988852125	
1.2372372372372373	0.0	0.0	0.0	0.0	0.7501204502165025	
1.2402402402402402	0.0	0.0	0.0	0.0	0.7351439015477936	
1.2432432432432432	0.0	0.0	0.0	0.0	0.7201673528790835	
1.2462462462462462	0.0	0.0	0.0	0.0	0.7051908042103735	
1.2492492492492493	0.0	0.0	0.0	0.0	0.6902142555416635	
1.2522522522522523	0.0	0.0	0.0	0.0	0.6752377068729535	
1.2552552552552552	0.0	0.0	0.0	0.0	0.6626586481353501	
1.2582582582582582	0.0	0.0	0.0	0.0	0.6563402686527254	
1.2612612612612613	0.0	0.0	0.0	0.0	0.6500218891701008	
1.2642642642642643	0.0	0.0	0.0	0.0	0.6437035096874761	
1.2672672672672673	0.0	0.0	0.0	0.0	0.6373851302048515	
1.2702702702702702	0.0	0.0	0.0	0.0	0.6310667507222274	
1.2732732732732732	0.0	0.0	0.0	0.0	0.6247483712396027	
1.2762762762762763	0.0	0.0	0.0	0.0	0.6184299917569781	
1.2792792792792793	0.0	0.0	0.0	0.0	0.6121116122743534	
1.2822822822822824	0.0	0.0	0.0	0.0	0.6056286849123791	
1.2852852852852852	0.0	0.0	0.0	0.0	0.595031742611686	
1.2882882882882882	0.0	0.0	0.0	0.0	0.5844348003109923	
1.2912912912912913	0.0	0.0	0.0	0.0	0.5738378580102984	
1.2942942942942943	0.0	0.0	0.0	0.0	0.5632409157096046	
1.2972972972972974	0.0	0.0	0.0	0.0	0.5526439734089108	
1.3003003003003002	0.0	0.0	0.0	0.0	0.5420470311082177	
1.3033033033033032	0.0	0.0	0.0	0.0	0.531450088807524	
1.3063063063063063	0.0	0.0	0.0	0.0	0.5208531465068301	
1.3093093093093093	0.0	0.0	0.0	0.0	0.5102562042061363	
1.3123123123123124	0.0	0.0	0.0	0.0	0.5036985404605413	
1.3153153153153152	0.0	0.0	0.0	0.0	0.4981506180462631	
1.3183183183183182	0.0	0.0	0.0	0.0	0.4926026956319845	
1.3213213213213213	0.0	0.0	0.0	0.0	0.48705477321770585	
1.3243243243243243	0.0	0.0	0.0	0.0	0.48150685080342726	
1.3273273273273274	0.0	0.0	0.0	0.0	0.4759589283891486	
1.3303303303303302	0.0	0.0	0.0	0.0	0.4704110059748704	
1.3333333333333333	0.0	0.0	0.0	0.0	0.46486308356059175	
1.3363363363363363	0.0	0.0	0.0	0.0	0.45931516114631316	
1.3393393393393394	0.0	0.0	0.0	0.0	0.4543878613110453	
1.3423423423423424	0.0	0.0	0.0	0.0	0.4499451027243122	
1.3453453453453452	0.0	0.0	0.0	0.0	0.44550234413757944	
1.3483483483483483	0.0	0.0	0.0	0.0	0.4410595855508464	
1.3513513513513513	0.0	0.0	0.0	0.0	0.4366168269641133	
1.3543543543543544	0.0	0.0	0.0	0.0	0.43217406837738026	
1.3573573573573574	0.0	0.0	0.0	0.0	0.42773130979064716	
1.3603603603603605	0.0	0.0	0.0	0.0	0.42328855120391407	
1.3633633633633633	0.0	0.0	0.0	0.0	0.41884579261718136	
1.3663663663663663	0.0	0.0	0.0	0.0	0.4141765303585586	
1.3693693693693694	0.0	0.0	0.0	0.0	0.40903278214406774	
1.3723723723723724	0.0	0.0	0.0	0.0	0.40388903392957687	
1.3753753753753755	0.0	0.0	0.0	0.0	0.398745285715086	
1.3783783783783783	0.0	0.0	0.0	0.0	0.3936015375005955	
1.3813813813813813	0.0	0.0	0.0	0.0	0.3884577892861047	
1.3843843843843844	0.0	0.0	0.0	0.0	0.3833140410716138	
1.3873873873873874	0.0	0.0	0.0	0.0	0.37817029285712295	
1.3903903903903905	0.0	0.0	0.0	0.0	0.3730265446426321	
1.3933933933933933	0.0	0.0	0.0	0.0	0.3682517618559355	
1.3963963963963963	0.0	0.0	0.0	0.0	0.36746551673291056	
1.3993993993993994	0.0	0.0	0.0	0.0	0.3666792716098856	
1.4024024024024024	0.0	0.0	0.0	0.0	0.3658930264868607	
1.4054054054054055	0.0	0.0	0.0	0.0	0.36510678136383573	
1.4084084084084083	0.0	0.0	0.0	0.0	0.3643205362408109	
1.4114114114114114	0.0	0.0	0.0	0.0	0.36353429111778596	
1.4144144144144144	0.0	0.0	0.0	0.0	0.362748045994761	
1.4174174174174174	0.0	0.0	0.0	0.0	0.3619618008717361	
1.4204204204204205	0.0	0.0	0.0	0.0	0.36117555574871113	
1.4234234234234233	0.0	0.0	0.0	0.0	0.35871393111893946	
1.4264264264264264	0.0	0.0	0.0	0.0	0.3559478639391398	
1.4294294294294294	0.0	0.0	0.0	0.0	0.3531817967593401	
1.4324324324324325	0.0	0.0	0.0	0.0	0.35041572957954037	
1.4354354354354355	0.0	0.0	0.0	0.0	0.34764966239974066	
1.4384384384384383	0.0	0.0	0.0	0.0	0.34488359521994116	
1.4414414414414414	0.0	0.0	0.0	0.0	0.3421175280401415	
1.4444444444444444	0.0	0.0	0.0	0.0	0.3393514608603418	
1.4474474474474475	0.0	0.0	0.0	0.0	0.3365853936805421	
1.4504504504504505	0.0	0.0	0.0	0.0	0.33463687846711243	
1.4534534534534533	0.0	0.0	0.0	0.0	0.33321595354598255	
1.4564564564564564	0.0	0.0	0.0	0.0	0.33179502862485255	
1.4594594594594594	0.0	0.0	0.0	0.0	0.3303741037037226	
1.4624624624624625	0.0	0.0	0.0	0.0	0.3289531787825926	
1.4654654654654655	0.0	0.0	0.0	0.0	0.3275322538614626	
1.4684684684684683	0.0	0.0	0.0	0.0	0.3261113289403328	
1.4714714714714714	0.0	0.0	0.0	0.0	0.3246904040192028	
1.4744744744744744	0.0	0.0	0.0	0.0	0.3232694790980728	
1.4774774774774775	0.0	0.0	0.0	0.0	0.3216258070139594	
1.4804804804804805	0.0	0.0	0.0	0.0	0.3196017784040831	
1.4834834834834836	0.0	0.0	0.0	0.0	0.31757774979420683	
1.4864864864864864	0.0	0.0	0.0	0.0	0.3155537211843307	
1.4894894894894894	0.0	0.0	0.0	0.0	0.31352969257445445	
1.4924924924924925	0.0	0.0	0.0	0.0	0.3115056639645782	
1.4954954954954955	0.0	0.0	0.0	0.0	0.3094816353547019	
1.4984984984984986	0.0	0.0	0.0	0.0	0.30745760674482564	
1.5015015015015014	0.0	0.0	0.0	0.0	0.30543357813494953	
1.5045045045045045	0.0	0.0	0.0	0.0	0.30310247137372115	
1.5075075075075075	0.0	0.0	0.0	0.0	0.2987323378385125	
1.5105105105105106	0.0	0.0	0.0	0.0	0.29436220430330384	
1.5135135135135136	0.0	0.0	0.0	0.0	0.2899920707680952	
1.5165165165165164	0.0	0.0	0.0	0.0	0.28562193723288687	
1.5195195195195195	0.0	0.0	0.0	0.0	0.2812518036976782	
1.5225225225225225	0.0	0.0	0.0	0.0	0.27688167016246956	
1.5255255255255256	0.0	0.0	0.0	0.0	0.2725115366272609	
1.5285285285285286	0.0	0.0	0.0	0.0	0.26814140309205226	
1.5315315315315314	0.0	0.0	0.0	0.0	0.26377126955684393	
1.5345345345345345	0.0	0.0	0.0	0.0	0.26108910923566436	
1.5375375375375375	0.0	0.0	0.0	0.0	0.2586103846510265	
1.5405405405405406	0.0	0.0	0.0	0.0	0.25613166006638866	
1.5435435435435436	0.0	0.0	0.0	0.0	0.2536529354817508	
1.5465465465465464	0.0	0.0	0.0	0.0	0.2511742108971131	
1.5495495495495495	0.0	0.0	0.0	0.0	0.24869548631247526	
1.5525525525525525	0.0	0.0	0.0	0.0	0.2462167617278374	
1.5555555555555556	0.0	0.0	0.0	0.0	0.24373803714319955	
1.5585585585585586	0.0	0.0	0.0	0.0	0.24125931255856167	
1.5615615615615615	0.0	0.0	0.0	0.0	0.2376613228664267	
1.5645645645645645	0.0	0.0	0.0	0.0	0.23347117315456098	
1.5675675675675675	0.0	0.0	0.0	0.0	0.2292810234426953	
1.5705705705705706	0.0	0.0	0.0	0.0	0.2250908737308296	
1.5735735735735736	0.0	0.0	0.0	0.0	0.2209007240189639	
1.5765765765765765	0.0	0.0	0.0	0.0	0.2167105743070985	
1.5795795795795795	0.0	0.0	0.0	0.0	0.21252042459523282	
1.5825825825825826	0.0	0.0	0.0	0.0	0.2083302748833671	
1.5855855855855856	0.0	0.0	0.0	0.0	0.20414012517150143	
1.5885885885885886	0.0	0.0	0.0	0.0	0.20134347261670021	
1.5915915915915915	0.0	0.0	0.0	0.0	0.20050670571870166	
1.5945945945945945	0.0	0.0	0.0	0.0	0.19966993882070308	
1.5975975975975976	0.0	0.0	0.0	0.0	0.1988331719227045	
1.6006006006006006	0.0	0.0	0.0	0.0	0.19799640502470592	
1.6036036036036037	0.0	0.0	0.0	0.0	0.19715963812670734	
1.6066066066066067	0.0	0.0	0.0	0.0	0.19632287122870873	
1.6096096096096095	0.0	0.0	0.0	0.0	0.1954861043307102	
1.6126126126126126	0.0	0.0	0.0	0.0	0.19464933743271162	
1.6156156156156156	0.0	0.0	0.0	0.0	0.1936716461730476	
1.6186186186186187	0.0	0.0	0.0	0.0	0.19203916131921606	
1.6216216216216217	0.0	0.0	0.0	0.0	0.1904066764653845	
1.6246246246246245	0.0	0.0	0.0	0.0	0.18877419161155307	
1.6276276276276276	0.0	0.0	0.0	0.0	0.1871417067577215	
1.6306306306306306	0.0	0.0	0.0	0.0	0.18550922190388994	
1.6336336336336337	0.0	0.0	0.0	0.0	0.1838767370500584	
1.6366366366366367	0.0	0.0	0.0	0.0	0.1822442521962268	
1.6396396396396395	0.0	0.0	0.0	0.0	0.18061176734239537	
1.6426426426426426	0.0	0.0	0.0	0.0	0.17897928248856382	
1.6456456456456456	0.0	0.0	0.0	0.0	0.1769081383575585	
1.6486486486486487	0.0	0.0	0.0	0.0	0.17480832708522198	
1.6516516516516517	0.0	0.0	0.0	0.0	0.17270851581288546	
1.6546546546546546	0.0	0.0	0.0	0.0	0.17060870454054908	
1.6576576576576576	0.0	0.0	0.0	0.0	0.16850889326821256	
1.6606606606606606	0.0	0.0	0.0	0.0	0.16640908199587603	
1.6636636636636637	0.0	0.0	0.0	0.0	0.16430927072353949	
1.6666666666666667	0.0	0.0	0.0	0.0	0.16220945945120296	
1.6696696696696696	0.0	0.0	0.0	0.0	0.16010964817886658	
1.6726726726726726	0.0	0.0	0.0	0.0	0.15822651426724363	
1.6756756756756757	0.0	0.0	0.0	0.0	0.15643614886661986	
1.6786786786786787	0.0	0.0	0.0	0.0	0.15464578346599608	
1.6816816816816818	0.0	0.0	0.0	0.0	0.15285541806537228	
1.6846846846846846	0.0	0.0	0.0	0.0	0.15106505266474865	
1.6876876876876876	0.0	0.0	0.0	0.0	0.14927468726412485	
1.6906906906906907	0.0	0.0	0.0	0.0	0.14748432186350108	
1.6936936936936937	0.0	0.0	0.0	0.0	0.1456939564628773	
1.6966966966966968	0.0	0.0	0.0	0.0	0.14390359106225353	
1.6996996996996996	0.0	0.0	0.0	0.0	0.14173266862993264	
1.7027027027027026	0.0	0.0	0.0	0.0	0.13911816677505348	
1.7057057057057057	0.0	0.0	0.0	0.0	0.13650366492017432	
1.7087087087087087	0.0	0.0	0.0	0.0	0.13388916306529514	
1.7117117117117118	0.0	0.0	0.0	0.0	0.13127466121041598	
1.7147147147147146	0.0	0.0	0.0	0.0	0.128660159355537	
1.7177177177177176	0.0	0.0	0.0	0.0	0.12604565750065783	
1.7207207207207207	0.0	0.0	0.0	0.0	0.12343115564577867	
1.7237237237237237	0.0	0.0	0.0	0.0	0.12081665379089951	
1.7267267267267268	0.0	0.0	0.0	0.0	0.11864146185635736	
1.7297297297297298	0.0	0.0	0.0	0.0	0.11799415161450925	
1.7327327327327327	0.0	0.0	0.0	0.0	0.1173468413726612	
1.7357357357357357	0.0	0.0	0.0	0.0	0.1166995311308131	
1.7387387387387387	0.0	0.0	0.0	0.0	0.116052220888965	
1.7417417417417418	0.0	0.0	0.0	0.0	0.1154049106471169	
1.7447447447447448	0.0	0.0	0.0	0.0	0.11475760040526879	
1.7477477477477477	0.0	0.0	0.0	0.0	0.11411029016342074	
1.7507507507507507	0.0	0.0	0.0	0.0	0.11346297992157264	
1.7537537537537538	0.0	0.0	0.0	0.0	0.11281566967972455	
1.7567567567567568	0.0	0.0	0.0	0.0	0.111642796015214	
1.7597597597597598	0.0	0.0	0.0	0.0	0.1104618495252081	
1.7627627627627627	0.0	0.0	0.0	0.0	0.10928090303520228	
1.7657657657657657	0.0	0.0	0.0	0.0	0.10809995654519639	
1.7687687687687688	0.0	0.0	0.0	0.0	0.1069190100551905	
1.7717717717717718	0.0	0.0	0.0	0.0	0.1057380635651846	
1.7747747747747749	0.0	0.0	0.0	0.0	0.1045571170751787	
1.7777777777777777	0.0	0.0	0.0	0.0	0.10337617058517289	
1.7807807807807807	0.0	0.0	0.0	0.0	0.10219522409516699	
1.7837837837837838	0.0	0.0	0.0	0.0	0.10120047445733053	
1.7867867867867868	0.0	0.0	0.0	0.0	0.10026897923125652	
1.7897897897897899	0.0	0.0	0.0	0.0	0.09933748400518252	
1.7927927927927927	0.0	0.0	0.0	0.0	0.09840598877910858	
1.7957957957957957	0.0	0.0	0.0	0.0	0.09747449355303459	
1.7987987987987988	0.0	0.0	0.0	0.0	0.09654299832696059	
1.8018018018018018	0.0	0.0	0.0	0.0	0.09561150310088658	
1.8048048048048049	0.0	0.0	0.0	0.0	0.09468000787481258	
1.8078078078078077	0.0	0.0	0.0	0.0	0.09374851264873864	
1.8108108108108107	0.0	0.0	0.0	0.0	0.09301751762529822	
1.8138138138138138	0.0	0.0	0.0	0.0	0.09248072376620468	
1.8168168168168168	0.0	0.0	0.0	0.0	0.09194392990711113	
1.8198198198198199	0.0	0.0	0.0	0.0	0.09140713604801759	
1.8228228228228227	0.0	0.0	0.0	0.0	0.09087034218892408	
1.8258258258258258	0.0	0.0	0.0	0.0	0.09033354832983054	
1.8288288288288288	0.0	0.0	0.0	0.0	0.08979675447073698	
1.8318318318318318	0.0	0.0	0.0	0.0	0.08925996061164344	
1.834834834834835	0.0	0.0	0.0	0.0	0.08872316675254989	
1.8378378378378377	0.0	0.0	0.0	0.0	0.08836935532195413	
1.8408408408408408	0.0	0.0	0.0	0.0	0.08851144781406713	
1.8438438438438438	0.0	0.0	0.0	0.0	0.08865354030618013	
1.8468468468468469	0.0	0.0	0.0	0.0	0.08879563279829313	
1.84984984984985	0.0	0.0	0.0	0.0	0.08893772529040612	
1.8528528528528527	0.0	0.0	0.0	0.0	0.08907981778251911	
1.8558558558558558	0.0	0.0	0.0	0.0	0.08922191027463211	
1.8588588588588588	0.0	0.0	0.0	0.0	0.08936400276674511	
1.8618618618618619	0.0	0.0	0.0	0.0	0.08950609525885811	
1.864864864864865	0.0	0.0	0.0	0.0	0.08963552504589169	
1.867867867867868	0.0	0.0	0.0	0.0	0.08937028572728076	
1.8708708708708708	0.0	0.0	0.0	0.0	0.08910504640866984	
1.8738738738738738	0.0	0.0	0.0	0.0	0.08883980709005891	
1.8768768768768769	0.0	0.0	0.0	0.0	0.08857456777144798	
1.87987987987988	0.0	0.0	0.0	0.0	0.08830932845283705	
1.882882882882883	0.0	0.0	0.0	0.0	0.08804408913422611	
1.8858858858858858	0.0	0.0	0.0	0.0	0.0877788498156152	
1.8888888888888888	0.0	0.0	0.0	0.0	0.08751361049700426	
1.8918918918918919	0.0	0.0	0.0	0.0	0.08724837117839333	
1.894894894894895	0.0	0.0	0.0	0.0	0.086908046333321	
1.897897897897898	0.0	0.0	0.0	0.0	0.08654807868663474	
1.9009009009009008	0.0	0.0	0.0	0.0	0.0861881110399485	
1.9039039039039038	0.0	0.0	0.0	0.0	0.08582814339326224	
1.906906906906907	0.0	0.0	0.0	0.0	0.08546817574657598	
1.90990990990991	0.0	0.0	0.0	0.0	0.08510820809988971	
1.912912912912913	0.0	0.0	0.0	0.0	0.08474824045320345	
1.9159159159159158	0.0	0.0	0.0	0.0	0.08438827280651721	
1.9189189189189189	0.0	0.0	0.0	0.0	0.08402830515983095	
1.921921921921922	0.0	0.0	0.0	0.0	0.08372958507447623	
1.924924924924925	0.0	0.0	0.0	0.0	0.08348013381054453	
1.927927927927928	0.0	0.0	0.0	0.0	0.08323068254661282	
1.9309309309309308	0.0	0.0	0.0	0.0	0.08298123128268113	
1.9339339339339339	0.0	0.0	0.0	0.0	0.08273178001874942	
1.936936936936937	0.0	0.0	0.0	0.0	0.08248232875481772	
1.93993993993994	0.0	0.0	0.0	0.0	0.08223287749088601	
1.942942942942943	0.0	0.0	0.0	0.0	0.0819834262269543	
1.9459459459459458	0.0	0.0	0.0	0.0	0.08173397496302262	
1.9489489489489489	0.0	0.0	0.0	0.0	0.08140974796668068	
1.951951951951952	0.0	0.0	0.0	0.0	0.08092347588256057	
1.954954954954955	0.0	0.0	0.0	0.0	0.08043720379844047	
1.957957957957958	0.0	0.0	0.0	0.0	0.07995093171432037	
1.9609609609609608	0.0	0.0	0.0	0.0	0.07946465963020029	
1.9639639639639639	0.0	0.0	0.0	0.0	0.07897838754608019	
1.966966966966967	0.0	0.0	0.0	0.0	0.07849211546196008	
1.96996996996997	0.0	0.0	0.0	0.0	0.07800584337783997	
1.972972972972973	0.0	0.0	0.0	0.0	0.07751957129371986	
1.9759759759759759	0.0	0.0	0.0	0.0	0.0770096225565033	
1.978978978978979	0.0	0.0	0.0	0.0	0.07621706221160648	
1.981981981981982	0.0	0.0	0.0	0.0	0.07542450186670967	
1.984984984984985	0.0	0.0	0.0	0.0	0.07463194152181285	
1.987987987987988	0.0	0.0	0.0	0.0	0.07383938117691603	
1.990990990990991	0.0	0.0	0.0	0.0	0.07304682083201922	
1.993993993993994	0.0	0.0	0.0	0.0	0.07225426048712245	
1.996996996996997	0.0	0.0	0.0	0.0	0.07146170014222564	
2.0	0.0	0.0	0.0	0.0	0.07066913979732882	
2.003003003003003	0.0	0.0	0.0	0.0	0.06987657945243206	
2.006006006006006	0.0	0.0	0.0	0.0	0.0686337265781298	
2.009009009009009	0.0	0.0	0.0	0.0	0.06730437237413929	
2.012012012012012	0.0	0.0	0.0	0.0	0.06597501817014857	
2.015015015015015	0.0	0.0	0.0	0.0	0.06464566396615806	
2.018018018018018	0.0	0.0	0.0	0.0	0.06331630976216754	
2.021021021021021	0.0	0.0	0.0	0.0	0.06198695555817682	
2.024024024024024	0.0	0.0	0.0	0.0	0.06065760135418631	
2.027027027027027	0.0	0.0	0.0	0.0	0.05932824715019559	
2.03003003003003	0.0	0.0	0.0	0.0	0.057998892946205076	
2.033033033033033	0.0	0.0	0.0	0.0	0.05679466543796022	
2.036036036036036	0.0	0.0	0.0	0.0	0.05567371355573547	
2.039039039039039	0.0	0.0	0.0	0.0	0.05455276167351089	
2.042042042042042	0.0	0.0	0.0	0.0	0.053431809791286144	
2.045045045045045	0.0	0.0	0.0	0.0	0.052310857909061564	
2.048048048048048	0.0	0.0	0.0	0.0	0.05118990602683698	
2.051051051051051	0.0	0.0	0.0	0.0	0.05006895414461223	
2.054054054054054	0.0	0.0	0.0	0.0	0.04894800226238765	
2.057057057057057	0.0	0.0	0.0	0.0	0.0478270503801629	
2.06006006006006	0.0	0.0	0.0	0.0	0.046874110452757564	
2.063063063063063	0.0	0.0	0.0	0.0	0.04621732737810189	
2.066066066066066	0.0	0.0	0.0	0.0	0.045560544303446124	
2.069069069069069	0.0	0.0	0.0	0.0	0.04490376122879046	
2.0720720720720722	0.0	0.0	0.0	0.0	0.04424697815413469	
2.075075075075075	0.0	0.0	0.0	0.0	0.04359019507947902	
2.078078078078078	0.0	0.0	0.0	0.0	0.04293341200482335	
2.081081081081081	0.0	0.0	0.0	0.0	0.042276628930167585	
2.084084084084084	0.0	0.0	0.0	0.0	0.041619845855511914	
2.0870870870870872	0.0	0.0	0.0	0.0	0.040979833550980574	
2.09009009009009	0.0	0.0	0.0	0.0	0.0404588277465663	
2.093093093093093	0.0	0.0	0.0	0.0	0.039937821942152014	
2.096096096096096	0.0	0.0	0.0	0.0	0.03941681613773766	
2.099099099099099	0.0	0.0	0.0	0.0	0.03889581033332338	
2.1021021021021022	0.0	0.0	0.0	0.0	0.03837480452890902	
2.105105105105105	0.0	0.0	0.0	0.0	0.03785379872449474	
2.108108108108108	0.0	0.0	0.0	0.0	0.03733279292008046	
2.111111111111111	0.0	0.0	0.0	0.0	0.03681178711566611	
2.114114114114114	0.0	0.0	0.0	0.0	0.036290781311251824	
2.1171171171171173	0.0	0.0	0.0	0.0	0.03561327184274169	
2.12012012012012	0.0	0.0	0.0	0.0	0.03491543982592019	
2.123123123123123	0.0	0.0	0.0	0.0	0.034217607809098695	
2.126126126126126	0.0	0.0	0.0	0.0	0.03351977579227709	
2.129129129129129	0.0	0.0	0.0	0.0	0.03282194377545559	
2.1321321321321323	0.0	0.0	0.0	0.0	0.032124111758633986	
2.135135135135135	0.0	0.0	0.0	0.0	0.03142627974181249	
2.138138138138138	0.0	0.0	0.0	0.0	0.03072844772499099	
2.141141141141141	0.0	0.0	0.0	0.0	0.030030615708169388	
2.144144144144144	0.0	0.0	0.0	0.0	0.029385870172305352	
2.1471471471471473	0.0	0.0	0.0	0.0	0.028770136039815597	
2.15015015015015	0.0	0.0	0.0	0.0	0.028154401907325932	
2.153153153153153	0.0	0.0	0.0	0.0	0.027538667774836267	
2.156156156156156	0.0	0.0	0.0	0.0	0.026922933642346512	
2.159159159159159	0.0	0.0	0.0	0.0	0.026307199509856848	
2.1621621621621623	0.0	0.0	0.0	0.0	0.025691465377367093	
2.165165165165165	0.0	0.0	0.0	0.0	0.025075731244877428	
2.168168168168168	0.0	0.0	0.0	0.0	0.024459997112387763	
2.171171171171171	0.0	0.0	0.0	0.0	0.023987327235862145	
2.174174174174174	0.0	0.0	0.0	0.0	0.023722087917251274	
2.1771771771771773	0.0	0.0	0.0	0.0	0.02345684859864037	
2.18018018018018	0.0	0.0	0.0	0.0	0.023191609280029498	
2.1831831831831834	0.0	0.0	0.0	0.0	0.022926369961418593	
2.186186186186186	0.0	0.0	0.0	0.0	0.022661130642807722	
2.189189189189189	0.0	0.0	0.0	0.0	0.022395891324196854	
2.1921921921921923	0.0	0.0	0.0	0.0	0.022130652005585946	
2.195195195195195	0.0	0.0	0.0	0.0	0.021865412686975075	
2.1981981981981984	0.0	0.0	0.0	0.0	0.021620539339641393	
2.201201201201201	0.0	0.0	0.0	0.0	0.02147528923659252	
2.204204204204204	0.0	0.0	0.0	0.0	0.021330039133543654	
2.2072072072072073	0.0	0.0	0.0	0.0	0.021184789030494762	
2.21021021021021	0.0	0.0	0.0	0.0	0.02103953892744589	
2.2132132132132134	0.0	0.0	0.0	0.0	0.020894288824397002	
2.2162162162162162	0.0	0.0	0.0	0.0	0.02074903872134813	
2.219219219219219	0.0	0.0	0.0	0.0	0.02060378861829926	
2.2222222222222223	0.0	0.0	0.0	0.0	0.020458538515250372	
2.225225225225225	0.0	0.0	0.0	0.0	0.0203132884122015	
2.2282282282282284	0.0	0.0	0.0	0.0	0.01971812084966514	
2.2312312312312312	0.0	0.0	0.0	0.0	0.019089756273432183	
2.234234234234234	0.0	0.0	0.0	0.0	0.01846139169719923	
2.2372372372372373	0.0	0.0	0.0	0.0	0.017833027120966183	
2.24024024024024	0.0	0.0	0.0	0.0	0.017204662544733226	
2.2432432432432434	0.0	0.0	0.0	0.0	0.01657629796850018	
2.2462462462462462	0.0	0.0	0.0	0.0	0.015947933392267223	
2.249249249249249	0.0	0.0	0.0	0.0	0.015319568816034268	
2.2522522522522523	0.0	0.0	0.0	0.0	0.01469120423980122	
2.255255255255255	0.0	0.0	0.0	0.0	0.014316614769659959	
2.2582582582582584	0.0	0.0	0.0	0.0	0.01405453306198483	
2.2612612612612613	0.0	0.0	0.0	0.0	0.013792451354309737	
2.264264264264264	0.0	0.0	0.0	0.0	0.013530369646634646	
2.2672672672672673	0.0	0.0	0.0	0.0	0.013268287938959516	
2.27027027027027	0.0	0.0	0.0	0.0	0.013006206231284425	
2.2732732732732734	0.0	0.0	0.0	0.0	0.012744124523609294	
2.2762762762762763	0.0	0.0	0.0	0.0	0.012482042815934203	
2.279279279279279	0.0	0.0	0.0	0.0	0.012219961108259111	
2.2822822822822824	0.0	0.0	0.0	0.0	0.012128620109534883	
2.285285285285285	0.0	0.0	0.0	0.0	0.012242294103225271	
2.2882882882882885	0.0	0.0	0.0	0.0	0.012355968096915675	
2.2912912912912913	0.0	0.0	0.0	0.0	0.012469642090606064	
2.294294294294294	0.0	0.0	0.0	0.0	0.012583316084296452	
2.2972972972972974	0.0	0.0	0.0	0.0	0.012696990077986858	
2.3003003003003	0.0	0.0	0.0	0.0	0.012810664071677247	
2.3033033033033035	0.0	0.0	0.0	0.0	0.012924338065367651	
2.3063063063063063	0.0	0.0	0.0	0.0	0.01303801205905804	
2.309309309309309	0.0	0.0	0.0	0.0	0.013095090401582885	
2.3123123123123124	0.0	0.0	0.0	0.0	0.01294668268759821	
2.315315315315315	0.0	0.0	0.0	0.0	0.012798274973613556	
2.3183183183183185	0.0	0.0	0.0	0.0	0.012649867259628881	
2.3213213213213213	0.0	0.0	0.0	0.0	0.012501459545644227	
2.324324324324324	0.0	0.0	0.0	0.0	0.012353051831659575	
2.3273273273273274	0.0	0.0	0.0	0.0	0.0122046441176749	
2.33033033033033	0.0	0.0	0.0	0.0	0.012056236403690246	
2.3333333333333335	0.0	0.0	0.0	0.0	0.011907828689705571	
2.3363363363363363	0.0	0.0	0.0	0.0	0.011759420975720919	
2.339339339339339	0.0	0.0	0.0	0.0	0.011635705787278645	
2.3423423423423424	0.0	0.0	0.0	0.0	0.011512558960780683	
2.3453453453453452	0.0	0.0	0.0	0.0	0.011389412134282741	
2.3483483483483485	0.0	0.0	0.0	0.0	0.01126626530778478	
2.3513513513513513	0.0	0.0	0.0	0.0	0.011143118481286837	
2.354354354354354	0.0	0.0	0.0	0.0	0.011019971654788893	
2.3573573573573574	0.0	0.0	0.0	0.0	0.010896824828290932	
2.3603603603603602	0.0	0.0	0.0	0.0	0.01077367800179299	
2.3633633633633635	0.0	0.0	0.0	0.0	0.010650531175295028	
2.3663663663663663	0.0	0.0	0.0	0.0	0.010532051639066143	
2.369369369369369	0.0	0.0	0.0	0.0	0.010415220034439926	
2.3723723723723724	0.0	0.0	0.0	0.0	0.010298388429813694	
2.3753753753753752	0.0	0.0	0.0	0.0	0.010181556825187477	
2.3783783783783785	0.0	0.0	0.0	0.0	0.010064725220561245	
2.3813813813813813	0.0	0.0	0.0	0.0	0.009947893615935028	
2.384384384384384	0.0	0.0	0.0	0.0	0.009831062011308813	
2.3873873873873874	0.0	0.0	0.0	0.0	0.009714230406682579	
2.3903903903903903	0.0	0.0	0.0	0.0	0.009597398802056362	
2.3933933933933935	0.0	0.0	0.0	0.0	0.009445791256753149	
2.3963963963963963	0.0	0.0	0.0	0.0	0.009259492211538326	
2.399399399399399	0.0	0.0	0.0	0.0	0.009073193166323504	
2.4024024024024024	0.0	0.0	0.0	0.0	0.008886894121108654	
2.4054054054054053	0.0	0.0	0.0	0.0	0.008700595075893831	
2.4084084084084085	0.0	0.0	0.0	0.0	0.008514296030678981	
2.4114114114114114	0.0	0.0	0.0	0.0	0.008327996985464157	
2.414414414414414	0.0	0.0	0.0	0.0	0.008141697940249335	
2.4174174174174174	0.0	0.0	0.0	0.0	0.007955398895034485	
2.4204204204204203	0.0	0.0	0.0	0.0	0.007772411065891416	
2.4234234234234235	0.0	0.0	0.0	0.0	0.007598742464419975	
2.4264264264264264	0.0	0.0	0.0	0.0	0.007425073862948559	
2.429429429429429	0.0	0.0	0.0	0.0	0.007251405261477144	
2.4324324324324325	0.0	0.0	0.0	0.0	0.007077736660005702	
2.4354354354354353	0.0	0.0	0.0	0.0	0.006904068058534286	
2.4384384384384385	0.0	0.0	0.0	0.0	0.006730399457062844	
2.4414414414414414	0.0	0.0	0.0	0.0	0.006556730855591429	
2.4444444444444446	0.0	0.0	0.0	0.0	0.006383062254119987	
2.4474474474474475	0.0	0.0	0.0	0.0	0.006211565272978359	
2.4504504504504503	0.0	0.0	0.0	0.0	0.006129467388646399	
2.4534534534534536	0.0	0.0	0.0	0.0	0.006047369504314428	
2.4564564564564564	0.0	0.0	0.0	0.0	0.005965271619982469	
2.4594594594594597	0.0	0.0	0.0	0.0	0.005883173735650498	
2.4624624624624625	0.0	0.0	0.0	0.0	0.005801075851318538	
2.4654654654654653	0.0	0.0	0.0	0.0	0.0057189779669865794	
2.4684684684684686	0.0	0.0	0.0	0.0	0.005636880082654608	
2.4714714714714714	0.0	0.0	0.0	0.0	0.005554782198322649	
2.4744744744744747	0.0	0.0	0.0	0.0	0.0054726843139906774	
2.4774774774774775	0.0	0.0	0.0	0.0	0.005368270265123896	
2.4804804804804803	0.0	0.0	0.0	0.0	0.005257753882369352	
2.4834834834834836	0.0	0.0	0.0	0.0	0.00514723749961479	
2.4864864864864864	0.0	0.0	0.0	0.0	0.005036721116860246	
2.4894894894894897	0.0	0.0	0.0	0.0	0.004926204734105686	
2.4924924924924925	0.0	0.0	0.0	0.0	0.004815688351351141	
2.4954954954954953	0.0	0.0	0.0	0.0	0.004705171968596597	
2.4984984984984986	0.0	0.0	0.0	0.0	0.004594655585842037	
2.5015015015015014	0.0	0.0	0.0	0.0	0.004484139203087493	
2.5045045045045047	0.0	0.0	0.0	0.0	0.004409882539190145	
2.5075075075075075	0.0	0.0	0.0	0.0	0.0043656759860883345	
2.5105105105105103	0.0	0.0	0.0	0.0	0.004321469432986524	
2.5135135135135136	0.0	0.0	0.0	0.0	0.004277262879884706	
2.5165165165165164	0.0	0.0	0.0	0.0	0.004233056326782896	
2.5195195195195197	0.0	0.0	0.0	0.0	0.004188849773681078	
2.5225225225225225	0.0	0.0	0.0	0.0	0.0041446432205792675	
2.5255255255255253	0.0	0.0	0.0	0.0	0.004100436667477457	
2.5285285285285286	0.0	0.0	0.0	0.0	0.004056230114375639	
2.5315315315315314	0.0	0.0	0.0	0.0	0.004004233699508821	
2.5345345345345347	0.0	0.0	0.0	0.0	0.003934766258920232	
2.5375375375375375	0.0	0.0	0.0	0.0	0.003865298818331653	
2.5405405405405403	0.0	0.0	0.0	0.0	0.003795831377743074	
2.5435435435435436	0.0	0.0	0.0	0.0	0.003726363937154485	
2.5465465465465464	0.0	0.0	0.0	0.0	0.003656896496565906	
2.5495495495495497	0.0	0.0	0.0	0.0	0.0035874290559773175	
2.5525525525525525	0.0	0.0	0.0	0.0	0.0035179616153887387	
2.5555555555555554	0.0	0.0	0.0	0.0	0.00344849417480016	
2.5585585585585586	0.0	0.0	0.0	0.0	0.0033763769882635274	
2.5615615615615615	0.0	0.0	0.0	0.0	0.003269018216444831	
2.5645645645645647	0.0	0.0	0.0	0.0	0.0031616594446261196	
2.5675675675675675	0.0	0.0	0.0	0.0	0.0030543006728074237	
2.5705705705705704	0.0	0.0	0.0	0.0	0.002946941900988728	
2.5735735735735736	0.0	0.0	0.0	0.0	0.002839583129170016	
2.5765765765765765	0.0	0.0	0.0	0.0	0.0027322243573513197	
2.5795795795795797	0.0	0.0	0.0	0.0	0.002624865585532608	
2.5825825825825826	0.0	0.0	0.0	0.0	0.0025175068137139123	
2.5855855855855854	0.0	0.0	0.0	0.0	0.0024101480418952164	
2.5885885885885886	0.0	0.0	0.0	0.0	0.002310665777696173	
2.5915915915915915	0.0	0.0	0.0	0.0	0.0022127798386849997	
2.5945945945945947	0.0	0.0	0.0	0.0	0.0021148938996738116	
2.5975975975975976	0.0	0.0	0.0	0.0	0.0020170079606626383	
2.6006006006006004	0.0	0.0	0.0	0.0	0.0019191220216514646	
2.6036036036036037	0.0	0.0	0.0	0.0	0.0018212360826402767	
2.6066066066066065	0.0	0.0	0.0	0.0	0.0017233501436291032	
2.6096096096096097	0.0	0.0	0.0	0.0	0.0016254642046179151	
2.6126126126126126	0.0	0.0	0.0	0.0	0.0015275782656067418	
2.6156156156156154	0.0	0.0	0.0	0.0	0.00148774236802528	
2.6186186186186187	0.0	0.0	0.0	0.0	0.0014877423680252826	
2.6216216216216215	0.0	0.0	0.0	0.0	0.0014877423680252852	
2.6246246246246248	0.0	0.0	0.0	0.0	0.0014877423680252878	
2.6276276276276276	0.0	0.0	0.0	0.0	0.0014877423680252904	
2.6306306306306304	0.0	0.0	0.0	0.0	0.001487742368025293	
2.6336336336336337	0.0	0.0	0.0	0.0	0.0014877423680252956	
2.6366366366366365	0.0	0.0	0.0	0.0	0.001487742368025298	
2.6396396396396398	0.0	0.0	0.0	0.0	0.0014877423680253006	
2.6426426426426426	0.0	0.0	0.0	0.0	0.0014474345567859757	
2.6456456456456454	0.0	0.0	0.0	0.0	0.0013337605630955828	
2.6486486486486487	0.0	0.0	0.0	0.0	0.0012200865694051732	
2.6516516516516515	0.0	0.0	0.0	0.0	0.0011064125757147805	
2.6546546546546548	0.0	0.0	0.0	0.0	0.000992738582024371	
2.6576576576576576	0.0	0.0	0.0	0.0	0.0008790645883339783	
2.6606606606606604	0.0	0.0	0.0	0.0	0.0007653905946435855	
2.6636636636636637	0.0	0.0	0.0	0.0	0.0006517166009531759	
2.6666666666666665	0.0	0.0	0.0	0.0	0.0005380426072627832	
2.66966966966967	0.0	0.0	0.0	0.0	0.0004386715073083958	
2.6726726726726726	0.0	0.0	0.0	0.0	0.00044814434011592814	
2.6756756756756754	0.0	0.0	0.0	0.0	0.0004576171729234605	
2.6786786786786787	0.0	0.0	0.0	0.0	0.00046709000573099427	
2.6816816816816815	0.0	0.0	0.0	0.0	0.00047656283853852663	
2.684684684684685	0.0	0.0	0.0	0.0	0.0004860356713460604	
2.6876876876876876	0.0	0.0	0.0	0.0	0.0004955085041535928	
2.6906906906906904	0.0	0.0	0.0	0.0	0.0005049813369611251	
2.6936936936936937	0.0	0.0	0.0	0.0	0.0005144541697686589	
2.6966966966966965	0.0	0.0	0.0	0.0	0.0005239270025761912	
2.6996996996997	0.0	0.0	0.0	0.0	0.0005029140917153294	
2.7027027027027026	0.0	0.0	0.0	0.0	0.00047765320422857684	
2.705705705705706	0.0	0.0	0.0	0.0	0.0004523923167418207	
2.7087087087087087	0.0	0.0	0.0	0.0	0.0004271314292550682	
2.7117117117117115	0.0	0.0	0.0	0.0	0.0004018705417683158	
2.714714714714715	0.0	0.0	0.0	0.0	0.00037660965428155957	
2.7177177177177176	0.0	0.0	0.0	0.0	0.0003513487667948071	
2.720720720720721	0.0	0.0	0.0	0.0	0.00032608787930805093	
2.7237237237237237	0.0	0.0	0.0	0.0	0.0003008269918212984	
2.7267267267267266	0.0	0.0	0.0	0.0	0.0002816216363874216	
2.72972972972973	0.0	0.0	0.0	0.0	0.00026583358170819793	
2.7327327327327327	0.0	0.0	0.0	0.0	0.00025004552702897657	
2.735735735735736	0.0	0.0	0.0	0.0	0.00023425747234975285	
2.7387387387387387	0.0	0.0	0.0	0.0	0.0002184694176705315	
2.7417417417417416	0.0	0.0	0.0	0.0	0.00020268136299131013	
2.744744744744745	0.0	0.0	0.0	0.0	0.0001868933083120864	
2.7477477477477477	0.0	0.0	0.0	0.0	0.00017110525363286505	
2.750750750750751	0.0	0.0	0.0	0.0	0.00015531719895364135	
2.7537537537537538	0.0	0.0	0.0	0.0	0.00014585709490443918	
2.7567567567567566	0.0	0.0	0.0	0.0	0.00014585709490443942	
2.75975975975976	0.0	0.0	0.0	0.0	0.00014585709490443966	
2.7627627627627627	0.0	0.0	0.0	0.0	0.00014585709490443993	
2.765765765765766	0.0	0.0	0.0	0.0	0.00014585709490444018	
2.7687687687687688	0.0	0.0	0.0	0.0	0.00014585709490444042	
2.7717717717717716	0.0	0.0	0.0	0.0	0.0001458570949044407	
2.774774774774775	0.0	0.0	0.0	0.0	0.00014585709490444094	
2.7777777777777777	0.0	0.0	0.0	0.0	0.00014585709490444118	
2.780780780780781	0.0	0.0	0.0	0.0	0.00014329374706586684	
2.7837837837837838	0.0	0.0	0.0	0.0	0.00012750569238664572	
2.7867867867867866	0.0	0.0	0.0	0.0	0.0001117176377074246	
2.78978978978979	0.0	0.0	0.0	0.0	9.592958302820117e-05	
2.7927927927927927	0.0	0.0	0.0	0.0	8.014152834898005e-05	
2.795795795795796	0.0	0.0	0.0	0.0	6.435347366975661e-05	
2.798798798798799	0.0	0.0	0.0	0.0	4.85654189905355e-05	
2.8018018018018016	0.0	0.0	0.0	0.0	3.2777364311314394e-05	
2.804804804804805	0.0	0.0	0.0	0.0	1.698930963209096e-05	
2.8078078078078077	0.0	0.0	0.0	0.0	1.2012549528698417e-06	
2.810810810810811	0.0	0.0	0.0	0.0	0.0	
2.813813813813814	0.0	0.0	0.0	0.0	0.0	
2.8168168168168166	0.0	0.0	0.0	0.0	0.0	
2.81981981981982	0.0	0.0	0.0	0.0	0.0	
2.8228228228228227	0.0	0.0	0.0	0.0	0.0	
2.825825825825826	0.0	0.0	0.0	0.0	0.0	
2.828828828828829	0.0	0.0	0.0	0.0	0.0	
2.8318318318318316	0.0	0.0	0.0	0.0	0.0	
2.834834834834835	0.0	0.0	0.0	0.0	0.0	
2.8378378378378377	0.0	0.0	0.0	0.0	2.1644393869813422e-06	
2.840840840840841	0.0	0.0	0.0	0.0	5.322050322825981e-06	
2.843843843843844	0.0	0.0	0.0	0.0	8.479661258670153e-06	
2.8468468468468466	0.0	0.0	0.0	0.0	1.1637272194514324e-05	
2.84984984984985	0.0	0.0	0.0	0.0	1.4794883130358963e-05	
2.8528528528528527	0.0	0.0	0.0	0.0	1.7952494066203135e-05	
2.855855855855856	0.0	0.0	0.0	0.0	2.1110105002047773e-05	
2.858858858858859	0.0	0.0	0.0	0.0	2.4267715937891945e-05	
2.8618618618618616	0.0	0.0	0.0	0.0	2.7425326873736116e-05	
2.864864864864865	0.0	0.0	0.0	0.0	2.5255430734105733e-05	
2.8678678678678677	0.0	0.0	0.0	0.0	1.6495244853959577e-05	
2.870870870870871	0.0	0.0	0.0	0.0	7.735058973812124e-06	
2.873873873873874	0.0	0.0	0.0	0.0	0.0	
2.8768768768768767	0.0	0.0	0.0	0.0	0.0	
2.87987987987988	0.0	0.0	0.0	0.0	0.0	
2.8828828828828827	0.0	0.0	0.0	0.0	0.0	
2.885885885885886	0.0	0.0	0.0	0.0	0.0	
2.888888888888889	0.0	0.0	0.0	0.0	0.0	
2.8918918918918917	0.0	0.0	0.0	0.0	0.0	
2.894894894894895	0.0	0.0	0.0	0.0	0.0	
2.8978978978978978	0.0	0.0	0.0	0.0	0.0	
2.900900900900901	0.0	0.0	0.0	0.0	0.0	
2.903903903903904	0.0	0.0	0.0	0.0	0.0	
2.9069069069069067	0.0	0.0	0.0	0.0	0.0	
2.90990990990991	0.0	0.0	0.0	0.0	0.0	
2.9129129129129128	0.0	0.0	0.0	0.0	0.0	
2.915915915915916	0.0	0.0	0.0	0.0	0.0	
2.918918918918919	0.0	0.0	0.0	0.0	0.0	
2.9219219219219217	0.0	0.0	0.0	0.0	0.0	
2.924924924924925	0.0	0.0	0.0	0.0	0.0	
2.9279279279279278	0.0	0.0	0.0	0.0	0.0	
2.930930930930931	0.0	0.0	0.0	0.0	0.0	
2.933933933933934	0.0	0.0	0.0	0.0	0.0	
2.9369369369369367	0.0	0.0	0.0	0.0	0.0	
2.93993993993994	0.0	0.0	0.0	0.0	0.0	
2.942942942942943	0.0	0.0	0.0	0.0	0.0	
2.945945945945946	0.0	0.0	0.0	0.0	0.0	
2.948948948948949	0.0	0.0	0.0	0.0	0.0	
2.951951951951952	0.0	0.0	0.0	0.0	0.0	
2.954954954954955	0.0	0.0	0.0	0.0	0.0	
2.957957957957958	0.0	0.0	0.0	0.0	0.0	
2.960960960960961	0.0	0.0	0.0	0.0	0.0	
2.963963963963964	0.0	0.0	0.0	0.0	0.0	
2.966966966966967	0.0	0.0	0.0	0.0	0.0	
2.96996996996997	0.0	0.0	0.0	0.0	0.0	
2.972972972972973	0.0	0.0	0.0	0.0	0.0	
2.975975975975976	0.0	0.0	0.0	0.0	0.0	
2.978978978978979	0.0	0.0	0.0	0.0	0.0	
2.981981981981982	0.0	0.0	0.0	0.0	0.0	
2.984984984984985	0.0	0.0	0.0	0.0	0.0	
2.987987987987988	0.0	0.0	0.0	0.0	0.0	
2.990990990990991	0.0	0.0	0.0	0.0	0.0	
2.993993993993994	0.0	0.0	0.0	0.0	0.0	
2.996996996996997	0.0	0.0	0.0	0.0	0.0	
3.0	0.0	0.0	0.0	0.0	0.0	
