0.0	0.0	0.0	0.0	
0.003003003003003003	0.0	0.0	0.0	
0.006006006006006006	0.0	0.0	0.0	
0.009009009009009009	0.0	0.0	0.0	
0.012012012012012012	0.0	0.0	0.0	
0.015015015015015015	0.0	0.0	0.0	
0.018018018018018018	0.0	0.0	0.0	
0.02102102102102102	5.3560513525137536e-05	0.0	0.0	
0.024024024024024024	0.00020118673082749982	0.0	0.0	
0.02702702702702703	0.0003488129481298621	0.0	0.0	
0.03003003003003003	0.0004945979103979581	0.0	0.0	
0.03303303303303303	0.0005861082585531449	0.0	0.0	
0.036036036036036036	0.0006776186067083319	0.0	0.0	
0.03903903903903904	0.0011925119696084476	0.0	0.0	
0.04204204204204204	0.001863587856079818	0.0	0.0	
0.04504504504504504	0.0028089723537491834	0.0	0.0	
0.04804804804804805	0.004120620677306864	0.0	0.0	
0.05105105105105105	0.005401538496285493	0.0	0.0	
0.05405405405405406	0.006469159224762679	0.0	0.0	
0.057057057057057055	0.0075367799532398624	0.0	0.0	
0.06006006006006006	0.006644747346268905	0.0	0.0	
0.06306306306306306	0.005333099022711223	0.0	0.0	
0.06606606606606606	0.004498533468082632	0.0	0.0	
0.06906906906906907	0.004101988626076822	0.0	0.0	
0.07207207207207207	0.003905896500602993	0.0	0.0	
0.07507507507507508	0.004424455140149053	0.0	0.0	
0.07807807807807808	0.004943013779695114	0.0	0.0	
0.08108108108108109	0.005545465033809848	0.0	0.0	
0.08408408408408408	0.006155534021511091	0.0	0.0	
0.08708708708708708	0.007496587930488849	0.0	0.0	
0.09009009009009009	0.009296291444207527	0.0	0.0	
0.09309309309309309	0.011838726664246735	0.0	0.0	
0.0960960960960961	0.01601769923000028	0.0	0.0	
0.0990990990990991	0.020220767765074886	0.0	0.0	
0.1021021021021021	0.026840016281633412	0.0	0.0	
0.10510510510510511	0.033459264798191946	0.0	0.0	
0.10810810810810811	0.033495500901973875	0.0	2.0139898330617686e-06	
0.1111111111111111	0.030811197356088404	0.0	7.269675165182709e-06	
0.11411411411411411	0.029820576244858468	0.0	1.2525360497303673e-05	
0.11711711711711711	0.031315245264726524	2.616474231359064e-05	1.7501432155962793e-05	
0.12012012012012012	0.03368957453791657	5.5642405895219806e-05	1.7501432155962793e-05	
0.12312312312312312	0.04372520938560209	8.512006947684897e-05	1.7501432155962793e-05	
0.12612612612612611	0.053760844233287565	9.816061972682506e-05	1.7501432155962793e-05	
0.12912912912912913	0.07549561886174375	9.816061972682514e-05	1.7501432155962793e-05	
0.13213213213213212	0.10014240596487402	9.816061972682523e-05	1.7501432155962793e-05	
0.13513513513513514	0.10453867764916183	9.423815583176907e-05	1.7501432155962793e-05	
0.13813813813813813	0.08855487017138923	7.933974462579743e-05	1.7501432155962793e-05	
0.14114114114114115	0.07662093620680131	6.444133341982565e-05	1.7501432155962793e-05	
0.14414414414414414	0.08128796396271581	4.9542922213854016e-05	1.7501432155962793e-05	
0.14714714714714713	0.08595499171863033	6.351610871894283e-05	2.05884002463064e-05	
0.15015015015015015	0.09686559811451202	7.841451992491452e-05	2.4377226124458737e-05	
0.15315315315315314	0.10851791577960598	9.331293113088606e-05	2.8166052002611037e-05	
0.15615615615615616	0.13888137799440478	8.810989711679226e-05	3.1954877880763376e-05	
0.15915915915915915	0.18216577267180803	7.321148591082071e-05	3.574370375891567e-05	
0.16216216216216217	0.2173775505211132	5.831307470484902e-05	3.953252963706801e-05	
0.16516516516516516	0.23275128901118455	4.908030986341252e-05	4.332135551522031e-05	
0.16816816816816815	0.24812502750125592	4.908030986341256e-05	4.7110181393372614e-05	
0.17117117117117117	0.28234448327793	4.90803098634126e-05	5.089900727152495e-05	
0.17417417417417416	0.31681338108305035	5.036087998244998e-05	4.9228991445204936e-05	
0.17717717717717718	0.3772201794952251	6.525929118842176e-05	4.354575262797644e-05	
0.18018018018018017	0.4495743614365927	8.015770239439339e-05	3.7862513810747995e-05	
0.1831831831831832	0.5326351555276493	9.505611360036516e-05	3.21792749935195e-05	
0.18618618618618618	0.632991504004504	9.816061972682522e-05	2.6496036176291057e-05	
0.1891891891891892	0.7314382284604061	9.816061972682514e-05	2.0812797359062562e-05	
0.1921921921921922	0.8079408795181421	9.816061972682506e-05	1.5129558541834118e-05	
0.19519519519519518	0.8844435305758782	0.00015002242156492217	9.446319724605675e-06	
0.1981981981981982	1.028418438057117	0.000254311300006724	3.763080907377177e-06	
0.2012012012012012	1.1916728991659702	0.0003586001784485248	0.0	
0.2042042042042042	1.3252823690931836	0.00043567528359368	0.0	
0.2072072072072072	1.4261877796589693	0.0004058784611817372	0.0	
0.21021021021021022	1.5407588071344143	0.0003760816387697941	0.0	
0.2132132132132132	1.720576641259356	0.00034628481635785125	0.0	
0.21621621621621623	1.9003944753842994	0.0004518588694358114	0.0	
0.21921921921921922	2.1533719511209544	0.0005710461590835845	0.0	
0.2222222222222222	2.417196284852358	0.0006902334487313576	0.0	
0.22522522522522523	2.500609740173142	0.0007819647044686529	0.0	
0.22822822822822822	2.447137193401128	0.0008564567604985102	0.0	
0.23123123123123124	2.4208274996385257	0.0009309488165283683	0.0	
0.23423423423423423	2.46935848761016	0.0010340424829061966	0.0	
0.23723723723723725	2.517889475581794	0.0011979250061718851	0.0	
0.24024024024024024	2.4535922876232923	0.0013618075294375724	0.0	
0.24324324324324323	2.385081540304443	0.0015260719115157567	0.0	
0.24624624624624625	2.519261620287922	0.0017048528459874172	0.0	
0.24924924924924924	2.7570665116938633	0.0018836337804590758	0.0	
0.25225225225225223	2.9401973916523425	0.0020624147149307347	0.0	
0.2552552552552553	3.025881580974988	0.002361042780905088	0.0	
0.25825825825825827	3.1123550345264284	0.0027037062386424384	0.0	
0.26126126126126126	3.211857286420501	0.00304636969637979	0.0	
0.26426426426426425	3.3113595383145737	0.003525745622194085	0.0	
0.26726726726726724	3.626580698998105	0.004181275715256832	0.0	
0.2702702702702703	4.011869768180833	0.00483680580831959	0.0	
0.2732732732732733	4.308662989492595	0.0055327116857398885	0.0	
0.27627627627627627	4.4983944446676984	0.006471311591716097	0.0	
0.27927927927927926	4.629888321914019	0.007409911497692304	0.0	
0.2822822822822823	4.431981942303715	0.00834851140366853	0.0	
0.2852852852852853	4.2340755626934135	0.00890796002237124	0.0	
0.2882882882882883	3.978644985122654	0.009399607592168319	0.0	
0.2912912912912913	3.712898934079992	0.009891255161965396	0.0	
0.29429429429429427	3.478527190948052	0.01042416923174722	0.0	
0.2972972972972973	3.2702801419962286	0.010990308857574136	0.0	
0.3003003003003003	3.081541245382475	0.01155644848340104	0.0	
0.3033033033033033	2.953457261414599	0.012103246990470674	0.0	
0.3063063063063063	2.825373277446723	0.012594894560267736	0.0	
0.30930930930930933	2.7671875294843526	0.013086542130064806	0.0	
0.3123123123123123	2.713379444769103	0.013578189699861867	0.0	
0.3153153153153153	2.7893195733087293	0.015479230023427994	0.0	
0.3183183183183183	2.938633958048609	0.017430921891410267	0.0	
0.3213213213213213	3.1442136039849595	0.019382613759392542	0.0	
0.32432432432432434	3.4607478982537563	0.021904105127961454	0.0	
0.32732732732732733	3.7741626261182515	0.024705006434684106	0.0	
0.3303303303303303	3.999430599826936	0.02750590774140676	0.0	
0.3333333333333333	4.22469857353562	0.029049854054640254	0.0	
0.3363363363363363	4.161660419328168	0.028513511251225324	0.0	
0.33933933933933935	3.9930068476781564	0.027977168447810383	0.0	
0.34234234234234234	3.8683436783696865	0.027540158372405782	0.0	
0.34534534534534533	3.802090186305332	0.028210586876674458	0.0	
0.3483483483483483	3.7556054543970787	0.028881015380943134	0.0	
0.35135135135135137	3.8446450231520766	0.029551443885211824	0.0	
0.35435435435435436	3.933684591907073	0.030186653394672806	0.0	
0.35735735735735735	3.9112408733313617	0.03081238666532361	0.0	
0.36036036036036034	3.865150161310533	0.031438119935974417	0.0	
0.36336336336336333	3.8539460718879788	0.033990755443513335	0.0	
0.3663663663663664	3.8745969071216666	0.03851987245012877	0.0	
0.36936936936936937	3.9484913298696678	0.043048989456744124	0.0	
0.37237237237237236	4.210698980783663	0.048032441867431504	0.0	
0.37537537537537535	4.472906631697658	0.054841015788560626	0.0	
0.3783783783783784	4.438278987932646	0.06164958970968987	0.0	
0.3813813813813814	4.377180578814366	0.06845816363081898	0.0	
0.3843843843843844	4.272726458906231	0.07571167151632577	0.0	
0.38738738738738737	4.141226088607228	0.08301189300725174	0.0	
0.39039039039039036	4.039670502950214	0.09031211449817773	0.0	
0.3933933933933934	4.00367643267584	0.10328024742171646	0.0	
0.3963963963963964	3.967552721056984	0.1198621790939628	0.0	
0.3993993993993994	3.920028346915057	0.1364441107662091	0.0	
0.4024024024024024	3.87250397277313	0.15599975292943813	0.0	
0.40540540540540543	3.795093276264449	0.18198258207265341	0.0	
0.4084084084084084	3.7054131350723662	0.2079654112158682	0.0	
0.4114114114114114	3.7378048164239854	0.23470405662822685	0.0	
0.4144144144144144	3.9483091206302996	0.29505752042361755	0.0	
0.4174174174174174	4.145529052130961	0.35541098421900824	0.0	
0.42042042042042044	4.228742462053412	0.41576444801440005	0.0	
0.42342342342342343	4.311955871975862	0.47417738111013347	0.0	
0.4264264264264264	4.171233280845114	0.5318640292996554	0.0	
0.4294294294294294	3.9752486185460896	0.5895506774891772	0.0	
0.43243243243243246	3.8344503369836462	0.6667276195006128	0.0	
0.43543543543543545	3.7488881614585465	0.7693925711209628	0.0	
0.43843843843843844	3.6621031434069162	0.8720575227413128	0.0	
0.44144144144144143	3.570348767656649	0.980276363014785	0.0	
0.4444444444444444	3.478594391906382	1.1228988534895505	0.0	
0.44744744744744747	3.319502674316906	1.265521343964319	0.0	
0.45045045045045046	3.1525267923830755	1.4081438344390844	0.0	
0.45345345345345345	2.9354365422028432	1.4879463175083976	0.0	
0.45645645645645644	2.683935602023005	1.556195939242956	0.0	
0.45945945945945943	2.434934394148716	1.6244455609775146	0.0	
0.4624624624624625	2.1920354266954614	1.71744814440934	0.0	
0.46546546546546547	1.949136459242211	1.8306760695747215	0.0	
0.46846846846846846	1.8363508500901313	1.9439039947401031	0.0	
0.47147147147147145	1.7251047701828093	2.086846666194276	0.0	
0.4744744744744745	1.652236506326295	2.3161481130653883	0.0	
0.4774774774774775	1.596933752591177	2.545449559936497	0.0	
0.4804804804804805	1.5368320541845677	2.774751006807605	0.0	
0.48348348348348347	1.4690228862015746	2.8499764697949184	0.0	
0.48648648648648646	1.3940828967894434	2.9190604025570135	0.0	
0.4894894894894895	1.2386983256219335	2.98814433531911	0.0	
0.4924924924924925	1.0833137544544265	2.992991440433394	0.0	
0.4954954954954955	0.9763409102659059	2.9658167383937015	0.0	
0.4984984984984985	0.8830918654957707	2.9386420363540093	0.0	
0.5015015015015015	0.8065697860591666	2.9422873773792055	0.0	
0.5045045045045045	0.7483997080818541	2.9977392638878255	0.0	
0.5075075075075075	0.6966825429305146	3.0531911503964477	2.708837413589156e-06	
0.5105105105105106	0.675482645607896	3.110907514460177	6.497663291741537e-06	
0.5135135135135135	0.6542827482852782	3.195143131418739	1.0286489169893778e-05	
0.5165165165165165	0.6381115046258308	3.279378748377304	1.4075315048046158e-05	
0.5195195195195195	0.6226767592369895	3.3636143653358657	1.7864140926198398e-05	
0.5225225225225225	0.5705583316112367	3.3198595245442637	2.165296680435078e-05	
0.5255255255255256	0.4907613080199124	3.2409128435638186	2.544179268250316e-05	
0.5285285285285285	0.4207781692622781	3.1619661625833766	2.92306185606554e-05	
0.5315315315315315	0.3776462918317994	3.174427145757565	3.301944443880778e-05	
0.5345345345345345	0.33451441440132224	3.2820234714870895	3.7710973319477224e-05	
0.5375375375375375	0.29927435368290783	3.389619797216618	4.3394212136705796e-05	
0.5405405405405406	0.2643174006876259	3.4815815175941975	4.907745095393437e-05	
0.5435435435435435	0.22693331862787502	3.509277664026098	5.476068977116273e-05	
0.5465465465465466	0.18831595170638554	3.536973810458	6.0443928588391304e-05	
0.5495495495495496	0.15390252297293666	3.5646699568899014	6.612716740561988e-05	
0.5525525525525525	0.12693747371654215	3.637217651576174	7.181040622284822e-05	
0.5555555555555556	0.10094652779623149	3.7146744914360217	7.749364504007681e-05	
0.5585585585585585	0.09063636190408066	3.7921313312958667	8.317688385730517e-05	
0.5615615615615616	0.08032619601192943	3.8239364265854796	9.472295755165238e-05	
0.5645645645645646	0.06918563541120448	3.826186086677581	0.00012503356457687143	
0.5675675675675675	0.05777734534119143	3.828435746769683	0.00015534417160208933	
0.5705705705705706	0.04881971194585576	3.8486856760961285	0.0001856547786273084	
0.5735735735735735	0.04281053241699861	3.908502797088103	0.00021596538565252634	
0.5765765765765766	0.03702332966523542	3.9683199180800797	0.00024627599267774535	
0.5795795795795796	0.03247831570686107	4.029645268396111	0.00027658659970296437	
0.5825825825825826	0.027933301748486884	4.17165692401143	0.0003068972067281823	
0.5855855855855856	0.025434937932520916	4.3136685796267535	0.00033720781375340137	
0.5885885885885885	0.023299696475566598	4.455680235242071	0.0003675184207786193	
0.5915915915915916	0.02171509176729786	4.552161173233964	0.0005152374688522384	
0.5945945945945946	0.02058646414005054	4.63128663514888	0.0006630016781001812	
0.5975975975975976	0.01923388770275887	4.710412097063794	0.0008107658873481186	
0.6006006006006006	0.017190156593959664	4.698960793666108	0.0009585300965960614	
0.6036036036036035	0.015146425485160533	4.567288635427734	0.0011062943058439989	
0.6066066066066066	0.01376388475974734	4.435616477189355	0.0012540585150919417	
0.6096096096096096	0.012421732986804577	4.318346597575651	0.0014018227243398846	
0.6126126126126126	0.0118411110567045	4.293078892170324	0.001549586933587822	
0.6156156156156156	0.011688593809779185	4.2678111867649955	0.0016973511428357646	
0.6186186186186187	0.011237219832929097	4.242543481359667	0.0030549271994145142	
0.6216216216216216	0.010200102553837001	4.18869508328042	0.004792103864547302	
0.6246246246246246	0.00919660175948628	4.12944410191427	0.006529280529680153	
0.6276276276276276	0.009105091411331095	4.070193120548122	0.00826645719481294	
0.6306306306306306	0.009013581063175907	4.06631062356887	0.010003633859945791	
0.6336336336336337	0.008586567959439427	4.108339041580945	0.011740810525078643	
0.6366366366366366	0.008037505870508317	4.150367459593018	0.01347798719021143	
0.6396396396396397	0.007435860387075126	4.146335260424521	0.015215163855344282	
0.6426426426426426	0.00676478450060377	4.00584324275218	0.016952340520477067	
0.6456456456456456	0.006058384992221887	3.8653512250798334	0.026377842444103863	
0.6486486486486487	0.005112778061284941	3.724859207407487	0.042823241168224155	
0.6516516516516516	0.00416717113034803	3.763308773945983	0.059268639892343836	
0.6546546546546547	0.004078612213003933	3.8095981375629377	0.07571403861646413	
0.6576576576576576	0.004170122561159117	3.8558875011798905	0.09215943734058381	
0.6606606606606606	0.003606194905708797	3.8285705765746587	0.1086048360647041	
0.6636636636636637	0.002447063829076412	3.763956167174359	0.1250502347888244	
0.6666666666666666	0.0015382485203429975	3.6993417577740617	0.14149563351294409	
0.6696696696696697	0.0015077450709579346	3.6455846212410155	0.15794103223706438	
0.6726726726726726	0.0014772416215728728	3.6103647771500995	0.1904445397569019	
0.6756756756756757	0.0013906426948622353	3.5751449330591822	0.26337754349839615	
0.6786786786786787	0.001299132346707047	3.5329061107758397	0.3363105472398904	
0.6816816816816816	0.0010758348401383446	3.40413914272263	0.40924355098138193	
0.6846846846846847	0.0007708003462877169	3.2753721746694153	0.48217655472287624	
0.6876876876876877	0.0005234002634549723	3.1466052066162007	0.5551095584643705	
0.6906906906906907	0.00040138646591472563	3.047300029278169	0.628042562205862	
0.6936936936936937	0.0002809116020667805	2.956270736809681	0.7009755659473563	
0.6966966966966966	0.0002809116020667805	2.865241444341197	0.7739085696888478	
0.6996996996996997	0.0002809116020667805	2.7770888569087835	0.8499869505550254	
0.7027027027027027	0.0002592444210052119	2.6919742336890664	0.9915507462533718	
0.7057057057057057	0.00022874097162015028	2.6068596104693524	1.133114541951713	
0.7087087087087087	0.0001857913429200896	2.5179569806728233	1.2746783376500597	
0.7117117117117117	0.00012478444414996628	2.4131168610164035	1.4162421333484008	
0.7147147147147147	6.799807885879954e-05	2.30827674135998	1.5578059290467472	
0.7177177177177178	4.69086192441761e-05	2.2034366217035557	1.6993697247450938	
0.7207207207207207	2.581915962955343e-05	2.039080568371204	1.8409335204434352	
0.7237237237237237	4.729700014929975e-06	1.867942518848206	1.9824973161417816	
0.7267267267267267	0.0	1.6968044693252138	2.1240611118401227	
0.7297297297297297	0.0	1.5460721100832202	2.210487278883675	
0.7327327327327328	0.0	1.4087534539977777	2.283759382541264	
0.7357357357357357	0.0	1.2714347979123406	2.3570314861988497	
0.7387387387387387	0.0	1.14316342356933	2.4303035898564387	
0.7417417417417418	0.0	1.0351201455036223	2.5035756935140276	
0.7447447447447447	0.0	0.9270768674379186	2.576847797171614	
0.7477477477477478	0.0	0.8192599593205011	2.6501199008292025	
0.7507507507507507	0.0	0.7266067400305657	2.7233920044867888	
0.7537537537537538	0.0	0.6339535207406268	2.7966641081443777	
0.7567567567567568	0.0	0.5413003014506881	2.8323057892553862	
0.7597597597597597	0.0	0.46754696771631027	2.8394363595580687	
0.7627627627627628	0.0	0.4011298505600879	2.8465669298607517	
0.7657657657657657	0.0	0.334712733403868	2.853697500163434	
0.7687687687687688	0.0	0.27364647200013864	2.860828070466117	
0.7717717717717718	0.0	0.21978871549055048	2.8679586407688	
0.7747747747747747	0.0	0.1659309589809643	2.8750892110714825	
0.7777777777777778	0.0	0.11602335434478685	2.8822197813741655	
0.7807807807807807	0.0	0.09215609959282087	2.889350351676848	
0.7837837837837838	0.0	0.068288844840854	2.8884551057764107	
0.7867867867867868	0.0	0.04442159008888713	2.871301196613076	
0.7897897897897898	0.0	0.03385338443213632	2.8541472874497416	
0.7927927927927928	0.0	0.02586783602573552	2.8369933782864067	
0.7957957957957957	0.0	0.01788228761933501	2.8198394691230724	
0.7987987987987988	0.0	0.012785076118049214	2.8026855599597376	
0.8018018018018018	0.0	0.0101182605121801	2.7855316507964023	
0.8048048048048048	0.0	0.007451444906311086	2.7683777416330684	
0.8078078078078078	0.0	0.0052107621823170355	2.751223832469733	
0.8108108108108109	0.0	0.004257263865134838	2.734980841787567	
0.8138138138138138	0.0	0.0033037655479526765	2.727723345817964	
0.8168168168168168	0.0	0.002350267230770479	2.720465849848361	
0.8198198198198198	0.0	0.0019939601213956135	2.7132083538787577	
0.8228228228228228	0.0	0.0016661950748642334	2.705950857909155	
0.8258258258258259	0.0	0.0013384300283328533	2.6986933619395517	
0.8288288288288288	0.0	0.0012073402225140557	2.6914358659699484	
0.8318318318318318	0.0	0.001177543400102112	2.684178370000345	
0.8348348348348348	0.0	0.0011477465776901694	2.6769208740307424	
0.8378378378378378	0.0	0.0010253220968459995	2.669663378061139	
0.8408408408408409	0.0	0.0007422522839325347	2.64283772924286	
0.8438438438438438	0.0	0.00045918247101908055	2.6126559422975015	
0.8468468468468469	0.0	0.00019951206808755016	2.582474155352142	
0.8498498498498498	0.0	0.000244207301705464	2.552292368406784	
0.8528528528528528	0.0	0.0002889025353233795	2.522110581461425	
0.8558558558558559	0.0	0.000333597768941295	2.4919287945160655	
0.8588588588588588	0.0	0.00034356216904388756	2.4617470075707075	
0.8618618618618619	0.0	0.00034356216904388756	2.431565220625348	
0.8648648648648649	0.0	0.00034356216904388756	2.401383433679989	
0.8678678678678678	0.0	0.00030760282774584	2.380681796386704	
0.8708708708708709	0.0	0.0002331107717159808	2.365911058700727	
0.8738738738738738	0.0	0.00015861871568612442	2.3511403210147503	
0.8768768768768769	0.0	0.0001093877877832728	2.336369583328773	
0.8798798798798799	0.0	0.0001689814326071601	2.321598845642796	
0.8828828828828829	0.0	0.0002285750774310452	2.3068281079568194	
0.8858858858858859	0.0	0.0002881687222549325	2.292057370270842	
0.8888888888888888	0.0	0.00022788122430754675	2.277286632584866	
0.8918918918918919	0.0	0.00015338916827768763	2.262515894898889	
0.8948948948948949	0.0	7.889711224782849e-05	2.2428353300836283	
0.8978978978978979	0.0	8.482051277976482e-05	2.215031031376808	
0.9009009009009009	0.0	0.00014441415760365212	2.187226732669987	
0.9039039039039038	0.0	0.00020400780242753723	2.159422433963167	
0.9069069069069069	0.0	0.00022720165138270047	2.1316181352563457	
0.9099099099099099	0.0	0.00016760800655881317	2.1038138365495245	
0.9129129129129129	0.0	0.00010801436173492806	2.076009537842704	
0.9159159159159159	0.0	4.924520810150544e-05	2.048205239135883	
0.9189189189189189	0.0	6.414361930747672e-05	2.0204009404290626	
0.9219219219219219	0.0	7.904203051344855e-05	1.9913912768629536	
0.924924924924925	0.0	9.394044171942038e-05	1.9548688898105038	
0.9279279279279279	0.0	0.00010883885292539165	1.9183465027580553	
0.9309309309309309	0.0	0.00012373726413136347	1.8818241157056055	
0.933933933933934	0.0	0.00013863567533733528	1.8453017286531554	
0.9369369369369369	0.0	0.00013465461568409935	1.808779341600707	
0.93993993993994	0.0	0.0001048577932721557	1.7722569545482572	
0.9429429429429429	0.0	7.506097086021316e-05	1.7357345674958085	
0.9459459459459459	0.0	4.7172229155841006e-05	1.6992121804433586	
0.948948948948949	0.0	3.227381794986918e-05	1.6626897933909088	
0.9519519519519519	0.0	1.7375406743897903e-05	1.638923071772112	
0.954954954954955	0.0	2.476995537926071e-06	1.6165765767427691	
0.9579579579579579	0.0	0.0	1.5942300817134272	
0.960960960960961	0.0	0.0	1.5718835866840846	
0.963963963963964	0.0	0.0	1.5495370916547417	
0.9669669669669669	0.0	0.0	1.5271905966253998	
0.96996996996997	0.0	0.0	1.5048441015960572	
0.9729729729729729	0.0	0.0	1.4824976065667153	
0.975975975975976	0.0	0.0	1.4601511115373724	
0.978978978978979	0.0	0.0	1.4485570342625065	
0.9819819819819819	0.0	0.0	1.4424683910763159	
0.984984984984985	0.0	0.0	1.436379747890125	
0.9879879879879879	0.0	0.0	1.4302911047039344	
0.990990990990991	0.0	0.0	1.4242024615177438	
0.993993993993994	0.0	0.0	1.418113818331553	
0.996996996996997	0.0	0.0	1.4120251751453623	
1.0	0.0	0.0	1.4059365319591715	
1.003003003003003	0.0	0.0	1.3998478887729806	
1.006006006006006	0.0	0.0	1.3905272540576346	
1.009009009009009	0.0	0.0	1.37679654907521	
1.012012012012012	0.0	0.0	1.3630658440927848	
1.015015015015015	0.0	0.0	1.3493351391103594	
1.018018018018018	0.0	0.0	1.335604434127934	
1.021021021021021	0.0	0.0	1.3218737291455087	
1.024024024024024	0.0	0.0	1.3081430241630845	
1.027027027027027	0.0	0.0	1.2944123191806591	
1.03003003003003	0.0	0.0	1.2806816141982338	
1.033033033033033	0.0	0.0	1.2641813429673108	
1.0360360360360361	0.0	0.0	1.2354374154427092	
1.039039039039039	0.0	0.0	1.2066934879181095	
1.042042042042042	0.0	0.0	1.177949560393508	
1.045045045045045	0.0	0.0	1.1492056328689062	
1.048048048048048	0.0	0.0	1.1204617053443044	
1.0510510510510511	0.0	0.0	1.0917177778197027	
1.054054054054054	0.0	0.0	1.0629738502951032	
1.057057057057057	0.0	0.0	1.0342299227705014	
1.06006006006006	0.0	0.0	1.0054859952458997	
1.063063063063063	0.0	0.0	0.9920221033148677	
1.0660660660660661	0.0	0.0	0.9794299405088284	
1.069069069069069	0.0	0.0	0.9668377777027899	
1.072072072072072	0.0	0.0	0.9542456148967504	
1.075075075075075	0.0	0.0	0.9416534520907109	
1.078078078078078	0.0	0.0	0.9290612892846716	
1.0810810810810811	0.0	0.0	0.9164691264786321	
1.084084084084084	0.0	0.0	0.9038769636725936	
1.087087087087087	0.0	0.0	0.8912848008665541	
1.09009009009009	0.0	0.0	0.8830732404656768	
1.093093093093093	0.0	0.0	0.8766720191445384	
1.0960960960960962	0.0	1.0623993054965965e-05	0.8702707978233999	
1.0990990990990992	0.0	2.5522404260937795e-05	0.8638695765022615	
1.102102102102102	0.0	4.042081546690852e-05	0.8574683551811235	
1.105105105105105	0.0	4.290821915250673e-05	0.851067133859985	
1.1081081081081081	0.0	2.8169387361691965e-05	0.8446659125388466	
1.1111111111111112	0.0	1.3430555570877198e-05	0.8382646912177081	
1.1141141141141142	0.0	0.0	0.8318634698965697	
1.117117117117117	0.0	0.0	0.8228049222302924	
1.12012012012012	0.0	0.0	0.8107394062213161	
1.1231231231231231	0.0	0.0	0.7986738902123399	
1.1261261261261262	0.0	0.0	0.7866083742033636	
1.1291291291291292	0.0	0.0	0.7745428581943874	
1.132132132132132	0.0	0.0	0.7624773421854121	
1.135135135135135	0.0	0.0	0.7504118261764358	
1.1381381381381381	0.0	0.0	0.7383463101674596	
1.1411411411411412	0.0	0.0	0.7262807941584832	
1.1441441441441442	0.0	0.0	0.7137293094588858	
1.147147147147147	0.0	0.0	0.6995572062616578	
1.15015015015015	0.0	0.0	0.6853851030644289	
1.1531531531531531	0.0	0.0	0.6712129998672	
1.1561561561561562	0.0	0.0	0.657040896669971	
1.1591591591591592	0.0	0.0	0.642868793472742	
1.162162162162162	0.0	0.0	0.6286966902755141	
1.165165165165165	0.0	0.0	0.6145245870782852	
1.1681681681681682	0.0	0.0	0.6003524838810561	
1.1711711711711712	0.0	0.0	0.5861803806838272	
1.1741741741741742	0.0	0.0	0.5815177781264493	
1.177177177177177	0.0	0.0	0.5769295099880067	
1.1801801801801801	0.0	0.0	0.5723412418495637	
1.1831831831831832	0.0	0.0	0.5677529737111207	
1.1861861861861862	0.0	0.0	0.5631647055726777	
1.1891891891891893	0.0	0.0	0.5585764374342347	
1.192192192192192	0.0	0.0	0.553988169295792	
1.1951951951951951	0.0	0.0	0.549399901157349	
1.1981981981981982	0.0	0.0	0.544811633018906	
1.2012012012012012	0.0	0.0	0.5386182886830908	
1.2042042042042043	0.0	0.0	0.5319007004011271	
1.207207207207207	0.0	0.0	0.525183112119164	
1.2102102102102101	0.0	0.0	0.5184655238372003	
1.2132132132132132	0.0	0.0	0.5117479355552367	
1.2162162162162162	0.0	0.0	0.505030347273273	
1.2192192192192193	0.0	0.0	0.4983127589913094	
1.2222222222222223	0.0	0.0	0.4915951707093457	
1.2252252252252251	0.0	0.0	0.48487758242738255	
1.2282282282282282	0.0	0.0	0.47699137737346076	
1.2312312312312312	0.0	0.0	0.4680061768034224	
1.2342342342342343	0.0	0.0	0.459020976233384	
1.2372372372372373	0.0	0.0	0.4500357756633456	
1.2402402402402402	0.0	0.0	0.4410505750933079	
1.2432432432432432	0.0	0.0	0.4320653745232696	
1.2462462462462462	0.0	0.0	0.4230801739532312	
1.2492492492492493	0.0	0.0	0.41409497338319284	
1.2522522522522523	0.0	0.0	0.40510977281315447	
1.2552552552552552	0.0	0.0	0.3975629495603579	
1.2582582582582582	0.0	0.0	0.39377222926926647	
1.2612612612612613	0.0	0.0	0.389981508978175	
1.2642642642642643	0.0	0.0	0.38619078868708356	
1.2672672672672673	0.0	0.0	0.3824000683959921	
1.2702702702702702	0.0	0.0	0.37860934810490093	
1.2732732732732732	0.0	0.0	0.3748186278138095	
1.2762762762762763	0.0	0.0	0.371027907522718	
1.2792792792792793	0.0	0.0	0.36723718723162657	
1.2822822822822824	0.0	0.0	0.36334774621842236	
1.2852852852852852	0.0	0.0	0.35699009639488316	
1.2882882882882882	0.0	0.0	0.35063244657134346	
1.2912912912912913	0.0	0.0	0.34427479674780376	
1.2942942942942943	0.0	0.0	0.33791714692426406	
1.2972972972972974	0.0	0.0	0.33155949710072435	
1.3003003003003002	0.0	0.0	0.32520184727718515	
1.3033033033033032	0.0	0.0	0.31884419745364545	
1.3063063063063063	0.0	0.0	0.31248654763010575	
1.3093093093093093	0.0	0.0	0.30612889780656605	
1.3123123123123124	0.0	0.0	0.30219461859922486	
1.3153153153153152	0.0	0.0	0.2988661350652682	
1.3183183183183182	0.0	0.0	0.29553765153131134	
1.3213213213213213	0.0	0.0	0.29220916799735447	
1.3243243243243243	0.0	0.0	0.2888806844633976	
1.3273273273273274	0.0	0.0	0.2855522009294407	
1.3303303303303302	0.0	0.0	0.2822237173954841	
1.3333333333333333	0.0	0.0	0.2788952338615272	
1.3363363363363363	0.0	0.0	0.27556675032757033	
1.3393393393393394	0.0	0.0	0.27261061014681587	
1.3423423423423424	0.0	0.0	0.26994517114153566	
1.3453453453453452	0.0	0.0	0.26727973213625567	
1.3483483483483483	0.0	0.0	0.2646142931309755	
1.3513513513513513	0.0	0.0	0.2619488541256953	
1.3543543543543544	0.0	0.0	0.2592834151204151	
1.3573573573573574	0.0	0.0	0.25661797611513487	
1.3603603603603605	0.0	0.0	0.2539525371098547	
1.3633633633633633	0.0	0.0	0.25128709810457467	
1.3663663663663663	0.0	0.0	0.2484857679158985	
1.3693693693693694	0.0	0.0	0.2453997692381432	
1.3723723723723724	0.0	0.0	0.2423137705603879	
1.3753753753753755	0.0	0.0	0.23922777188263256	
1.3783783783783783	0.0	0.0	0.2361417732048775	
1.3813813813813813	0.0	0.0	0.23305577452712217	
1.3843843843843844	0.0	0.0	0.22996977584936687	
1.3873873873873874	0.0	0.0	0.22688377717161157	
1.3903903903903905	0.0	0.0	0.22379777849385626	
1.3933933933933933	0.0	0.0	0.2209331411220651	
1.3963963963963963	0.0	0.0	0.22046143230023532	
1.3993993993993994	0.0	0.0	0.21998972347840556	
1.4024024024024024	0.0	0.0	0.21951801465657578	
1.4054054054054055	0.0	0.0	0.219046305834746	
1.4084084084084083	0.0	0.0	0.21857459701291626	
1.4114114114114114	0.0	0.0	0.21810288819108647	
1.4144144144144144	0.0	0.0	0.21763117936925672	
1.4174174174174174	0.0	0.0	0.21715947054742693	
1.4204204204204205	0.0	0.0	0.21668776172559714	
1.4234234234234233	0.0	0.0	0.21521090670940402	
1.4264264264264264	0.0	0.0	0.2135514009747733	
1.4294294294294294	0.0	0.0	0.21189189524014254	
1.4324324324324325	0.0	0.0	0.2102323895055118	
1.4354354354354355	0.0	0.0	0.20857288377088107	
1.4384384384384383	0.0	0.0	0.20691337803625043	
1.4414414414414414	0.0	0.0	0.2052538723016197	
1.4444444444444444	0.0	0.0	0.20359436656698895	
1.4474474474474475	0.0	0.0	0.2019348608323582	
1.4504504504504505	0.0	0.0	0.2007658465024402	
1.4534534534534533	0.0	0.0	0.19991336067985596	
1.4564564564564564	0.0	0.0	0.1990608748572717	
1.4594594594594594	0.0	0.0	0.1982083890346874	
1.4624624624624625	0.0	0.0	0.1973559032121031	
1.4654654654654655	0.0	0.0	0.19650341738951885	
1.4684684684684683	0.0	0.0	0.1956509315669346	
1.4714714714714714	0.0	0.0	0.19479844574435035	
1.4744744744744744	0.0	0.0	0.19394595992176605	
1.4774774774774775	0.0	0.0	0.1929598366383698	
1.4804804804804805	0.0	0.0	0.19174551794442196	
1.4834834834834836	0.0	0.0	0.19053119925047413	
1.4864864864864864	0.0	0.0	0.18931688055652637	
1.4894894894894894	0.0	0.0	0.18810256186257854	
1.4924924924924925	0.0	0.0	0.1868882431686307	
1.4954954954954955	0.0	0.0	0.18567392447468284	
1.4984984984984986	0.0	0.0	0.184459605780735	
1.5015015015015014	0.0	0.0	0.18324528708678725	
1.5045045045045045	0.0	0.0	0.18184673644183327	
1.5075075075075075	0.0	0.0	0.17922486893415182	
1.5105105105105106	0.0	0.0	0.17660300142647037	
1.5135135135135136	0.0	0.0	0.17398113391878892	
1.5165165165165164	0.0	0.0	0.17135926641110766	
1.5195195195195195	0.0	0.0	0.1687373989034262	
1.5225225225225225	0.0	0.0	0.16611553139574478	
1.5255255255255256	0.0	0.0	0.16349366388806333	
1.5285285285285286	0.0	0.0	0.16087179638038188	
1.5315315315315314	0.0	0.0	0.15824992887270062	
1.5345345345345345	0.0	0.0	0.1566407631710495	
1.5375375375375375	0.0	0.0	0.15515364901387468	
1.5405405405405406	0.0	0.0	0.1536665348566999	
1.5435435435435436	0.0	0.0	0.1521794206995251	
1.5465465465465464	0.0	0.0	0.15069230654235038	
1.5495495495495495	0.0	0.0	0.14920519238517557	
1.5525525525525525	0.0	0.0	0.14771807822800076	
1.5555555555555556	0.0	0.0	0.14623096407082595	
1.5585585585585586	0.0	0.0	0.14474384991365113	
1.5615615615615615	0.0	0.0	0.1425852311458768	
1.5645645645645645	0.0	0.0	0.14007134517572256	
1.5675675675675675	0.0	0.0	0.13755745920556836	
1.5705705705705706	0.0	0.0	0.13504357323541416	
1.5735735735735736	0.0	0.0	0.13252968726525993	
1.5765765765765765	0.0	0.0	0.13001580129510593	
1.5795795795795795	0.0	0.0	0.12750191532495173	
1.5825825825825826	0.0	0.0	0.12498802935479751	
1.5855855855855856	0.0	0.0	0.1224741433846433	
1.5885885885885886	0.0	0.0	0.12079628791303526	
1.5915915915915915	0.0	0.0	0.12029426848418022	
1.5945945945945945	0.0	0.0	0.11979224905532514	
1.5975975975975976	0.0	0.0	0.11929022962647005	
1.6006006006006006	0.0	0.0	0.11878821019761497	
1.6036036036036037	0.0	0.0	0.11828619076875989	
1.6066066066066067	0.0	0.0	0.1177841713399048	
1.6096096096096095	0.0	0.0	0.11728215191104975	
1.6126126126126126	0.0	0.0	0.11678013248219467	
1.6156156156156156	0.0	0.0	0.11619356529251844	
1.6186186186186187	0.0	0.0	0.11521415380301604	
1.6216216216216217	0.0	0.0	0.11423474231351366	
1.6246246246246245	0.0	0.0	0.11325533082401133	
1.6276276276276276	0.0	0.0	0.11227591933450895	
1.6306306306306306	0.0	0.0	0.11129650784500655	
1.6336336336336337	0.0	0.0	0.11031709635550416	
1.6366366366366367	0.0	0.0	0.10933768486600177	
1.6396396396396395	0.0	0.0	0.10835827337649945	
1.6426426426426426	0.0	0.0	0.10737886188699707	
1.6456456456456456	0.0	0.0	0.1061362761726114	
1.6486486486486487	0.0	0.0	0.10487649156812573	
1.6516516516516517	0.0	0.0	0.10361670696364007	
1.6546546546546546	0.0	0.0	0.1023569223591545	
1.6576576576576576	0.0	0.0	0.10109713775466883	
1.6606606606606606	0.0	0.0	0.09983735315018316	
1.6636636636636637	0.0	0.0	0.0985775685456975	
1.6666666666666667	0.0	0.0	0.09731778394121184	
1.6696696696696696	0.0	0.0	0.09605799933672626	
1.6726726726726726	0.0	0.0	0.09492821060699547	
1.6756756756756757	0.0	0.0	0.09385407847053927	
1.6786786786786787	0.0	0.0	0.09277994633408307	
1.6816816816816818	0.0	0.0	0.09170581419762687	
1.6846846846846846	0.0	0.0	0.09063168206117074	
1.6876876876876876	0.0	0.0	0.08955754992471454	
1.6906906906906907	0.0	0.0	0.08848341778825834	
1.6936936936936937	0.0	0.0	0.08740928565180214	
1.6966966966966968	0.0	0.0	0.08633515351534594	
1.6996996996996996	0.0	0.0	0.08503270567453251	
1.7027027027027026	0.0	0.0	0.08346413176097743	
1.7057057057057057	0.0	0.0	0.08189555784742235	
1.7087087087087087	0.0	0.0	0.08032698393386727	
1.7117117117117118	0.0	0.0	0.07875841002031217	
1.7147147147147146	0.0	0.0	0.07718983610675721	
1.7177177177177176	0.0	0.0	0.07562126219320212	
1.7207207207207207	0.0	0.0	0.07405268827964703	
1.7237237237237237	0.0	0.0	0.07248411436609195	
1.7267267267267268	0.0	0.0	0.07117910503166335	
1.7297297297297298	0.0	0.0	0.07079075037915272	
1.7327327327327327	0.0	0.0	0.07040239572664213	
1.7357357357357357	0.0	0.0	0.07001404107413152	
1.7387387387387387	0.0	0.0	0.0696256864216209	
1.7417417417417418	0.0	0.0	0.06923733176911027	
1.7447447447447448	0.0	0.0	0.06884897711659965	
1.7477477477477477	0.0	0.0	0.06846062246408907	
1.7507507507507507	0.0	0.0	0.06807226781157845	
1.7537537537537538	0.0	0.0	0.06768391315906783	
1.7567567567567568	0.0	0.0	0.06698024602239562	
1.7597597597597598	0.0	0.0	0.06627173558318107	
1.7627627627627627	0.0	0.0	0.06556322514396658	
1.7657657657657657	0.0	0.0	0.06485471470475203	
1.7687687687687688	0.0	0.0	0.06414620426553748	
1.7717717717717718	0.0	0.0	0.06343769382632293	
1.7747747747747749	0.0	0.0	0.06272918338710838	
1.7777777777777777	0.0	0.0	0.06202067294789389	
1.7807807807807807	0.0	0.0	0.06131216250867934	
1.7837837837837838	0.0	0.0	0.060715361122014894	
1.7867867867867868	0.0	0.0	0.06015650930498748	
1.7897897897897899	0.0	0.0	0.05959765748796006	
1.7927927927927927	0.0	0.0	0.059038805670932684	
1.7957957957957957	0.0	0.0	0.05847995385390527	
1.7987987987987988	0.0	0.0	0.05792110203687784	
1.8018018018018018	0.0	0.0	0.057362250219850426	
1.8048048048048049	0.0	0.0	0.05680339840282301	
1.8078078078078077	0.0	0.0	0.056244546585795634	
1.8108108108108107	0.0	0.0	0.05580598513571771	
1.8138138138138138	0.0	0.0	0.05548393493607476	
1.8168168168168168	0.0	0.0	0.055161884736431806	
1.8198198198198199	0.0	0.0	0.05483983453678885	
1.8228228228228227	0.0	0.0	0.05451778433714593	
1.8258258258258258	0.0	0.0	0.05419573413750298	
1.8288288288288288	0.0	0.0	0.053873683937860024	
1.8318318318318318	0.0	0.0	0.05355163373821707	
1.834834834834835	0.0	0.0	0.05322958353857412	
1.8378378378378377	0.0	0.0	0.053017313893664736	
1.8408408408408408	0.0	0.0	0.05310256247592317	
1.8438438438438438	0.0	0.0	0.05318781105818159	
1.8468468468468469	0.0	0.0	0.053273059640440025	
1.84984984984985	0.0	0.0	0.05335830822269845	
1.8528528528528527	0.0	0.0	0.053443556804956875	
1.8558558558558558	0.0	0.0	0.05352880538721531	
1.8588588588588588	0.0	0.0	0.05361405396947373	
1.8618618618618619	0.0	0.0	0.053699302551732164	
1.864864864864865	0.0	0.0	0.05377695412700222	
1.867867867867868	0.0	0.0	0.053617823440119824	
1.8708708708708708	0.0	0.0	0.05345869275323743	
1.8738738738738738	0.0	0.0	0.053299562066355034	
1.8768768768768769	0.0	0.0	0.053140431379472636	
1.87987987987988	0.0	0.0	0.05298130069259023	
1.882882882882883	0.0	0.0	0.05282217000570783	
1.8858858858858858	0.0	0.0	0.05266303931882544	
1.8888888888888888	0.0	0.0	0.05250390863194304	
1.8918918918918919	0.0	0.0	0.05234477794506064	
1.894894894894895	0.0	0.0	0.05214059959532303	
1.897897897897898	0.0	0.0	0.051924636520268345	
1.9009009009009008	0.0	0.0	0.051708673445213675	
1.9039039039039038	0.0	0.0	0.05149271037015899	
1.906906906906907	0.0	0.0	0.05127674729510431	
1.90990990990991	0.0	0.0	0.051060784220049615	
1.912912912912913	0.0	0.0	0.05084482114499493	
1.9159159159159158	0.0	0.0	0.05062885806994027	
1.9189189189189189	0.0	0.0	0.050412894994885576	
1.921921921921922	0.0	0.0	0.0502336774768456	
1.924924924924925	0.0	0.0	0.05008401885465858	
1.927927927927928	0.0	0.0	0.04993436023247156	
1.9309309309309308	0.0	0.0	0.04978470161028455	
1.9339339339339339	0.0	0.0	0.04963504298809753	
1.936936936936937	0.0	0.0	0.04948538436591052	
1.93993993993994	0.0	0.0	0.049335725743723496	
1.942942942942943	0.0	0.0	0.049186067121536475	
1.9459459459459458	0.0	0.0	0.04903640849934947	
1.9489489489489489	0.0	0.0	0.04884188807566601	
1.951951951951952	0.0	0.0	0.04855014848304824	
1.954954954954955	0.0	0.0	0.04825840889043047	
1.957957957957958	0.0	0.0	0.047966669297812695	
1.9609609609609608	0.0	0.0	0.04767492970519494	
1.9639639639639639	0.0	0.0	0.04738319011257717	
1.966966966966967	0.0	0.0	0.047091450519959395	
1.96996996996997	0.0	0.0	0.04679971092734162	
1.972972972972973	0.0	0.0	0.04650797133472385	
1.9759759759759759	0.0	0.0	0.046202026902152304	
1.978978978978979	0.0	0.0	0.04572652925444426	
1.981981981981982	0.0	0.0	0.04525103160673621	
1.984984984984985	0.0	0.0	0.04477553395902816	
1.987987987987988	0.0	0.0	0.044300036311320116	
1.990990990990991	0.0	0.0	0.043824538663612064	
1.993993993993994	0.0	0.0	0.043349041015904054	
1.996996996996997	0.0	0.0	0.04287354336819601	
2.0	0.0	0.0	0.042398045720487956	
2.003003003003003	0.0	0.0	0.041922548072779946	
2.006006006006006	0.0	0.0	0.04117689681482451	
2.009009009009009	0.0	0.0	0.040379348967473416	
2.012012012012012	0.0	0.0	0.03958180112012221	
2.015015015015015	0.0	0.0	0.03878425327277112	
2.018018018018018	0.0	0.0	0.03798670542542003	
2.021021021021021	0.0	0.0	0.03718915757806882	
2.024024024024024	0.0	0.0	0.03639160973071773	
2.027027027027027	0.0	0.0	0.03559406188336652	
2.03003003003003	0.0	0.0	0.034796514036015434	
2.033033033033033	0.0	0.0	0.034074036118513396	
2.036036036036036	0.0	0.0	0.03340151952514136	
2.039039039039039	0.0	0.0	0.03272900293176942	
2.042042042042042	0.0	0.0	0.03205648633839738	
2.045045045045045	0.0	0.0	0.03138396974502544	
2.048048048048048	0.0	0.0	0.030711453151653505	
2.051051051051051	0.0	0.0	0.030038936558281465	
2.054054054054054	0.0	0.0	0.02936641996490953	
2.057057057057057	0.0	0.0	0.02869390337153749	
2.06006006006006	0.0	0.0	0.028122185777027627	
2.063063063063063	0.0	0.0	0.02772814788569976	
2.066066066066066	0.0	0.0	0.027334109994371834	
2.069069069069069	0.0	0.0	0.026940072103043968	
2.0720720720720722	0.0	0.0	0.02654603421171604	
2.075075075075075	0.0	0.0	0.026151996320388175	
2.078078078078078	0.0	0.0	0.025757958429060306	
2.081081081081081	0.0	0.0	0.02536392053773238	
2.084084084084084	0.0	0.0	0.024969882646404512	
2.0870870870870872	0.0	0.0	0.024585906401228534	
2.09009009009009	0.0	0.0	0.02427332826628099	
2.093093093093093	0.0	0.0	0.02396075013133345	
2.096096096096096	0.0	0.0	0.023648171996385862	
2.099099099099099	0.0	0.0	0.023335593861438318	
2.1021021021021022	0.0	0.0	0.02302301572649073	
2.105105105105105	0.0	0.0	0.022710437591543186	
2.108108108108108	0.0	0.0	0.022397859456595642	
2.111111111111111	0.0	0.0	0.022085281321648054	
2.114114114114114	0.0	0.0	0.02177270318670051	
2.1171171171171173	0.0	0.0	0.021366230467429602	
2.12012012012012	0.0	0.0	0.020947565207893832	
2.123123123123123	0.0	0.0	0.020528899948358062	
2.126126126126126	0.0	0.0	0.02011023468882223	
2.129129129129129	0.0	0.0	0.01969156942928646	
2.1321321321321323	0.0	0.0	0.01927290416975063	
2.135135135135135	0.0	0.0	0.018854238910214857	
2.138138138138138	0.0	0.0	0.01843557365067909	
2.141141141141141	0.0	0.0	0.01801690839114326	
2.144144144144144	0.0	0.0	0.01763009243744635	
2.1471471471471473	0.0	0.0	0.017260681914326434	
2.15015015015015	0.0	0.0	0.016891271391206573	
2.153153153153153	0.0	0.0	0.016521860868086713	
2.156156156156156	0.0	0.0	0.0161524503449668	
2.159159159159159	0.0	0.0	0.015783039821846936	
2.1621621621621623	0.0	0.0	0.015413629298727024	
2.165165165165165	0.0	0.0	0.015044218775607163	
2.168168168168168	0.0	0.0	0.014674808252487303	
2.171171171171171	0.0	0.0	0.014391229322658754	
2.174174174174174	0.0	0.0	0.01423209863577639	
2.1771771771771773	0.0	0.0	0.014072967948894004	
2.18018018018018	0.0	0.0	0.01391383726201164	
2.1831831831831834	0.0	0.0	0.013754706575129253	
2.186186186186186	0.0	0.0	0.013595575888246891	
2.189189189189189	0.0	0.0	0.013436445201364527	
2.1921921921921923	0.0	0.0	0.013277314514482141	
2.195195195195195	0.0	0.0	0.013118183827599777	
2.1981981981981984	0.0	0.0	0.012971271732649177	
2.201201201201201	0.0	0.0	0.012884128737451655	
2.204204204204204	0.0	0.0	0.012796985742254135	
2.2072072072072073	0.0	0.0	0.012709842747056601	
2.21021021021021	0.0	0.0	0.01262269975185908	
2.2132132132132134	0.0	0.0	0.012535556756661546	
2.2162162162162162	0.0	0.0	0.012448413761464026	
2.219219219219219	0.0	0.0	0.012361270766266504	
2.2222222222222223	0.0	0.0	0.01227412777106897	
2.225225225225225	0.0	0.0	0.01218698477587145	
2.2282282282282284	0.0	0.0	0.0118299131941296	
2.2312312312312312	0.0	0.0	0.011452925019253489	
2.234234234234234	0.0	0.0	0.011075936844377375	
2.2372372372372373	0.0	0.0	0.010698948669501206	
2.24024024024024	0.0	0.0	0.010321960494625094	
2.2432432432432434	0.0	0.0	0.009944972319748925	
2.2462462462462462	0.0	0.0	0.009567984144872813	
2.249249249249249	0.0	0.0	0.0091909959699967	
2.2522522522522523	0.0	0.0	0.00881400779512053	
2.255255255255255	0.0	0.0	0.008589272337366128	
2.2582582582582584	0.0	0.0	0.008432036063422778	
2.2612612612612613	0.0	0.0	0.00827479978947945	
2.264264264264264	0.0	0.0	0.008117563515536122	
2.2672672672672673	0.0	0.0	0.007960327241592772	
2.27027027027027	0.0	0.0	0.007803090967649445	
2.2732732732732734	0.0	0.0	0.007645854693706094	
2.2762762762762763	0.0	0.0	0.007488618419762767	
2.279279279279279	0.0	0.0	0.007331382145819439	
2.2822822822822824	0.0	0.0	0.007276581990459246	
2.285285285285285	0.0	0.0	0.007344780856265982	
2.2882882882882885	0.0	0.0	0.007412979722072729	
2.2912912912912913	0.0	0.0	0.007481178587879466	
2.294294294294294	0.0	0.0	0.007549377453686203	
2.2972972972972974	0.0	0.0	0.0076175763194929495	
2.3003003003003	0.0	0.0	0.007685775185299686	
2.3033033033033035	0.0	0.0	0.007753974051106433	
2.3063063063063063	0.0	0.0	0.00782217291691317	
2.309309309309309	0.0	0.0	0.007856417145482505	
2.3123123123123124	0.0	0.0	0.007767379737345931	
2.315315315315315	0.0	0.0	0.00767834232920937	
2.3183183183183185	0.0	0.0	0.007589304921072797	
2.3213213213213213	0.0	0.0	0.007500267512936236	
2.324324324324324	0.0	0.0	0.0074112301047996754	
2.3273273273273274	0.0	0.0	0.007322192696663101	
2.33033033033033	0.0	0.0	0.007233155288526541	
2.3333333333333335	0.0	0.0	0.007144117880389967	
2.3363363363363363	0.0	0.0	0.007055080472253406	
2.339339339339339	0.0	0.0	0.006980857378114477	
2.3423423423423424	0.0	0.0	0.006906975273490488	
2.3453453453453452	0.0	0.0	0.00683309316886651	
2.3483483483483485	0.0	0.0	0.006759211064242521	
2.3513513513513513	0.0	0.0	0.0066853289596185425	
2.354354354354354	0.0	0.0	0.006611446854994565	
2.3573573573573574	0.0	0.0	0.006537564750370576	
2.3603603603603602	0.0	0.0	0.006463682645746598	
2.3633633633633635	0.0	0.0	0.006389800541122609	
2.3663663663663663	0.0	0.0	0.0063187185835895075	
2.369369369369369	0.0	0.0	0.006248625304843705	
2.3723723723723724	0.0	0.0	0.006178532026097892	
2.3753753753753752	0.0	0.0	0.006108438747352089	
2.3783783783783785	0.0	0.0	0.006038345468606276	
2.3813813813813813	0.0	0.0	0.005968252189860473	
2.384384384384384	0.0	0.0	0.00589815891111467	
2.3873873873873874	0.0	0.0	0.005828065632368857	
2.3903903903903903	0.0	0.0	0.0057579723536230545	
2.3933933933933935	0.0	0.0	0.005667015202371871	
2.3963963963963963	0.0	0.0	0.005555244838966375	
2.399399399399399	0.0	0.0	0.005443474475560877	
2.4024024024024024	0.0	0.0	0.0053317041121553645	
2.4054054054054053	0.0	0.0	0.005219933748749867	
2.4084084084084085	0.0	0.0	0.005108163385344353	
2.4114114114114114	0.0	0.0	0.004996393021938857	
2.414414414414414	0.0	0.0	0.00488462265853336	
2.4174174174174174	0.0	0.0	0.004772852295127847	
2.4204204204204203	0.0	0.0	0.004663068500269855	
2.4234234234234235	0.0	0.0	0.004558875788620666	
2.4264264264264264	0.0	0.0	0.004454683076971491	
2.429429429429429	0.0	0.0	0.004350490365322316	
2.4324324324324325	0.0	0.0	0.0042462976536731265	
2.4354354354354353	0.0	0.0	0.004142104942023952	
2.4384384384384385	0.0	0.0	0.004037912230374761	
2.4414414414414414	0.0	0.0	0.003933719518725587	
2.4444444444444446	0.0	0.0	0.003829526807076397	
2.4474474474474475	0.0	0.0	0.0037266369619725617	
2.4504504504504503	0.0	0.0	0.003677382225556578	
2.4534534534534536	0.0	0.0	0.003628127489140587	
2.4564564564564564	0.0	0.0	0.0035788727527246034	
2.4594594594594597	0.0	0.0	0.003529618016308612	
2.4624624624624625	0.0	0.0	0.0034803632798926284	
2.4654654654654653	0.0	0.0	0.0034311085434766443	
2.4684684684684686	0.0	0.0	0.0033818538070606533	
2.4714714714714714	0.0	0.0	0.0033325990706446697	
2.4744744744744747	0.0	0.0	0.0032833443342286787	
2.4774774774774775	0.0	0.0	0.003220700984806129	
2.4804804804804803	0.0	0.0	0.003154396531938468	
2.4834834834834836	0.0	0.0	0.003088092079070798	
2.4864864864864864	0.0	0.0	0.003021787626203137	
2.4894894894894897	0.0	0.0	0.0029554831733354667	
2.4924924924924925	0.0	0.0	0.0028891787204678057	
2.4954954954954953	0.0	0.0	0.002822874267600145	
2.4984984984984986	0.0	0.0	0.0027565698147324746	
2.5015015015015014	0.0	0.0	0.002690265361864814	
2.5045045045045047	0.0	0.0	0.002645714976222655	
2.5075075075075075	0.0	0.0	0.002619193195075595	
2.5105105105105103	0.0	0.0	0.002592671413928535	
2.5135135135135136	0.0	0.0	0.0025661496327814707	
2.5165165165165164	0.0	0.0	0.0025396278516344106	
2.5195195195195197	0.0	0.0	0.0025131060704873466	
2.5225225225225225	0.0	0.0	0.0024865842893402866	
2.5255255255255253	0.0	0.0	0.0024600625081932265	
2.5285285285285286	0.0	0.0	0.0024335407270461625	
2.5315315315315314	0.0	0.0	0.002402345407828365	
2.5345345345345347	0.0	0.0	0.0023606683231686813	
2.5375375375375375	0.0	0.0	0.002318991238509004	
2.5405405405405403	0.0	0.0	0.002277314153849327	
2.5435435435435436	0.0	0.0	0.002235637069189643	
2.5465465465465464	0.0	0.0	0.002193959984529966	
2.5495495495495497	0.0	0.0	0.0021522828998702826	
2.5525525525525525	0.0	0.0	0.0021106058152106054	
2.5555555555555554	0.0	0.0	0.002068928730550928	
2.5585585585585586	0.0	0.0	0.002025661927236468	
2.5615615615615615	0.0	0.0	0.001961251887307886	
2.5645645645645647	0.0	0.0	0.0018968418473792941	
2.5675675675675675	0.0	0.0	0.001832431807450712	
2.5705705705705704	0.0	0.0	0.0017680217675221297	
2.5735735735735736	0.0	0.0	0.001703611727593538	
2.5765765765765765	0.0	0.0	0.0016392016876649559	
2.5795795795795797	0.0	0.0	0.001574791647736364	
2.5825825825825826	0.0	0.0	0.0015103816078077818	
2.5855855855855854	0.0	0.0	0.0014459715678791997	
2.5885885885885886	0.0	0.0	0.0013862870493186934	
2.5915915915915915	0.0	0.0	0.0013275602482073334	
2.5945945945945947	0.0	0.0	0.0012688334470959644	
2.5975975975975976	0.0	0.0	0.0012101066459846046	
2.6006006006006004	0.0	0.0	0.0011513798448732444	
2.6036036036036037	0.0	0.0	0.0010926530437618757	
2.6066066066066065	0.0	0.0	0.0010339262426505157	
2.6096096096096097	0.0	0.0	0.000975199441539147	
2.6126126126126126	0.0	0.0	0.000916472640427787	
2.6156156156156154	0.0	0.0	0.000892573039954097	
2.6186186186186187	0.0	0.0	0.0008925730399540986	
2.6216216216216215	0.0	0.0	0.0008925730399541002	
2.6246246246246248	0.0	0.0	0.0008925730399541017	
2.6276276276276276	0.0	0.0	0.0008925730399541032	
2.6306306306306304	0.0	0.0	0.0008925730399541047	
2.6336336336336337	0.0	0.0	0.0008925730399541062	
2.6366366366366365	0.0	0.0	0.0008925730399541079	
2.6396396396396398	0.0	0.0	0.0008925730399541094	
2.6426426426426426	0.0	0.0	0.0008683903142449972	
2.6456456456456454	0.0	0.0	0.0008001914484382579	
2.6486486486486487	0.0	0.0	0.0007319925826315085	
2.6516516516516515	0.0	0.0	0.0006637937168247691	
2.6546546546546548	0.0	0.0	0.0005955948510180197	
2.6576576576576576	0.0	0.0	0.0005273959852112803	
2.6606606606606604	0.0	0.0	0.00045919711940454094	
2.6636636636636637	0.0	0.0	0.00039099825359779157	
2.6666666666666665	0.0	0.0	0.0003227993877910521	
2.66966966966967	0.0	0.0	0.0002631815623690348	
2.6726726726726726	0.0	0.0	0.00026886480118626285	
2.6756756756756754	0.0	0.0	0.00027454804000349086	
2.6786786786786787	0.0	0.0	0.0002802312788207198	
2.6816816816816815	0.0	0.0	0.0002859145176379478	
2.684684684684685	0.0	0.0	0.00029159775645517676	
2.6876876876876876	0.0	0.0	0.0002972809952724048	
2.6906906906906904	0.0	0.0	0.00030296423408963285	
2.6936936936936937	0.0	0.0	0.0003086474729068618	
2.6966966966966965	0.0	0.0	0.0003143307117240898	
2.6996996996997	0.0	0.0	0.0003017239875166864	
2.7027027027027026	0.0	0.0	0.00028656868400407854	
2.705705705705706	0.0	0.0	0.0002714133804914685	
2.7087087087087087	0.0	0.0	0.0002562580769788606	
2.7117117117117115	0.0	0.0	0.00024110277346625275	
2.714714714714715	0.0	0.0	0.00022594746995364268	
2.7177177177177176	0.0	0.0	0.0002107921664410348	
2.720720720720721	0.0	0.0	0.00019563686292842472	
2.7237237237237237	0.0	0.0	0.00018048155941581686	
2.7267267267267266	0.0	0.0	0.00016895928052436626	
2.72972972972973	0.0	0.0	0.0001594872158289843	
2.7327327327327327	0.0	0.0	0.00015001515113360377	
2.735735735735736	0.0	0.0	0.00014054308643822181	
2.7387387387387387	0.0	0.0	0.00013107102174284124	
2.7417417417417416	0.0	0.0	0.0001215989570474607	
2.744744744744745	0.0	0.0	0.00011212689235207875	
2.7477477477477477	0.0	0.0	0.00010265482765669819	
2.750750750750751	0.0	0.0	9.318276296131624e-05	
2.7537537537537538	0.0	0.0	8.75071607798134e-05	
2.7567567567567566	0.0	0.0	8.750716077981356e-05	
2.75975975975976	0.0	0.0	8.750716077981371e-05	
2.7627627627627627	0.0	0.0	8.750716077981386e-05	
2.765765765765766	0.0	0.0	8.750716077981401e-05	
2.7687687687687688	0.0	0.0	8.750716077981416e-05	
2.7717717717717716	0.0	0.0	8.750716077981431e-05	
2.774774774774775	0.0	0.0	8.750716077981447e-05	
2.7777777777777777	0.0	0.0	8.750716077981462e-05	
2.780780780780781	0.0	0.0	8.596927678732406e-05	
2.7837837837837838	0.0	0.0	7.649721209194365e-05	
2.7867867867867866	0.0	0.0	6.702514739656325e-05	
2.78978978978979	0.0	0.0	5.755308270118144e-05	
2.7927927927927927	0.0	0.0	4.808101800580104e-05	
2.795795795795796	0.0	0.0	3.860895331041924e-05	
2.798798798798799	0.0	0.0	2.913688861503884e-05	
2.8018018018018016	0.0	0.0	1.966482391965843e-05	
2.804804804804805	0.0	0.0	1.0192759224276628e-05	
2.8078078078078077	0.0	0.0	7.206945288962339e-07	
2.810810810810811	0.0	0.0	0.0	
2.813813813813814	0.0	0.0	0.0	
2.8168168168168166	0.0	0.0	0.0	
2.81981981981982	0.0	0.0	0.0	
2.8228228228228227	0.0	0.0	0.0	
2.825825825825826	0.0	0.0	0.0	
2.828828828828829	0.0	0.0	0.0	
2.8318318318318316	0.0	0.0	0.0	
2.834834834834835	0.0	0.0	0.0	
2.8378378378378377	0.0	0.0	1.2985583290194308e-06	
2.840840840840841	0.0	0.0	3.1929712680957614e-06	
2.843843843843844	0.0	0.0	5.087384207171812e-06	
2.8468468468468466	0.0	0.0	6.9817971462478616e-06	
2.84984984984985	0.0	0.0	8.876210085324192e-06	
2.8528528528528527	0.0	0.0	1.0770623024400242e-05	
2.855855855855856	0.0	0.0	1.2665035963476573e-05	
2.858858858858859	0.0	0.0	1.4559448902552623e-05	
2.8618618618618616	0.0	0.0	1.6453861841628672e-05	
2.864864864864865	0.0	0.0	1.5152029726498884e-05	
2.8678678678678677	0.0	0.0	9.896344394378163e-06	
2.870870870870871	0.0	0.0	4.640659062256665e-06	
2.873873873873874	0.0	0.0	0.0	
2.8768768768768767	0.0	0.0	0.0	
2.87987987987988	0.0	0.0	0.0	
2.8828828828828827	0.0	0.0	0.0	
2.885885885885886	0.0	0.0	0.0	
2.888888888888889	0.0	0.0	0.0	
2.8918918918918917	0.0	0.0	0.0	
2.894894894894895	0.0	0.0	0.0	
2.8978978978978978	0.0	0.0	0.0	
2.900900900900901	0.0	0.0	0.0	
2.903903903903904	0.0	0.0	0.0	
2.9069069069069067	0.0	0.0	0.0	
2.90990990990991	0.0	0.0	0.0	
2.9129129129129128	0.0	0.0	0.0	
2.915915915915916	0.0	0.0	0.0	
2.918918918918919	0.0	0.0	0.0	
2.9219219219219217	0.0	0.0	0.0	
2.924924924924925	0.0	0.0	0.0	
2.9279279279279278	0.0	0.0	0.0	
2.930930930930931	0.0	0.0	0.0	
2.933933933933934	0.0	0.0	0.0	
2.9369369369369367	0.0	0.0	0.0	
2.93993993993994	0.0	0.0	0.0	
2.942942942942943	0.0	0.0	0.0	
2.945945945945946	0.0	0.0	0.0	
2.948948948948949	0.0	0.0	0.0	
2.951951951951952	0.0	0.0	0.0	
2.954954954954955	0.0	0.0	0.0	
2.957957957957958	0.0	0.0	0.0	
2.960960960960961	0.0	0.0	0.0	
2.963963963963964	0.0	0.0	0.0	
2.966966966966967	0.0	0.0	0.0	
2.96996996996997	0.0	0.0	0.0	
2.972972972972973	0.0	0.0	0.0	
2.975975975975976	0.0	0.0	0.0	
2.978978978978979	0.0	0.0	0.0	
2.981981981981982	0.0	0.0	0.0	
2.984984984984985	0.0	0.0	0.0	
2.987987987987988	0.0	0.0	0.0	
2.990990990990991	0.0	0.0	0.0	
2.993993993993994	0.0	0.0	0.0	
2.996996996996997	0.0	0.0	0.0	
3.0	0.0	0.0	0.0	
