0.0	0.0	0.0	0.0	
0.003003003003003003	0.0	0.0	0.0	
0.006006006006006006	0.0	0.0	0.0	
0.009009009009009009	0.0	0.0	0.0	
0.012012012012012012	0.0	0.0	0.0	
0.015015015015015015	0.0	0.0	0.0	
0.018018018018018018	0.0	0.0	0.0	
0.02102102102102102	0.0	0.0	0.0	
0.024024024024024024	0.0	0.0	0.0	
0.02702702702702703	0.0	0.0	0.0	
0.03003003003003003	0.0	0.0	0.0	
0.03303303303303303	0.00014623571065262614	0.0	0.0	
0.036036036036036036	0.00040557449358133495	0.0	0.0	
0.03903903903903904	0.0006649132765100438	0.0	0.0	
0.04204204204204204	0.00102641299620448	6.4403987530115885e-06	0.0	
0.04504504504504504	0.0017225627284201267	3.3258896159664284e-05	0.0	
0.04804804804804805	0.0024187124606357734	6.0077393566316975e-05	0.0	
0.05105105105105105	0.00311486219285142	8.689589097296967e-05	0.0	
0.05405405405405406	0.003811011925067067	0.00012767666300153444	0.0	
0.057057057057057055	0.004507161657282712	0.00016983583050367632	0.00024628809301361157	
0.06006006006006006	0.0052033113894983584	0.00021199499800581828	0.0006668319865580902	
0.06306306306306306	0.005899461121714003	0.0002541541655079601	0.0010873758801025679	
0.06606606606606606	0.00659561085392965	0.0002963133330101021	0.0014370641109321658	
0.06906906906906907	0.007291760586145297	0.0003384725005122441	0.0015804402800289733	
0.07207207207207207	0.00848861354275636	0.0003806316680143861	0.0017238164491257808	
0.07507507507507508	0.010685131928602107	0.00042279083551652807	0.0018671926182225883	
0.07807807807807808	0.012881650314447855	0.00046495000301866995	0.0020105687873193958	
0.08108108108108109	0.015078168700293604	0.0005173199911667675	0.0021539449564162033	
0.08408408408408408	0.017274687086139343	0.0005742918391426347	0.00229732112551301	
0.08708708708708708	0.01947120547198509	0.0006312636871185023	0.0024406972946098174	
0.09009009009009009	0.021667723857830837	0.0006882355350943698	0.002584073463706625	
0.09309309309309309	0.023864242243676587	0.0007452073830702373	0.0027274496328034323	
0.0960960960960961	0.026060760629522332	0.0008021792310461049	0.00281948992324463	
0.0990990990990991	0.028257279015368078	0.0008591510790219724	0.002857723568337112	
0.1021021021021021	0.03101290103059252	0.0009161229269978398	0.0028959572134295945	
0.10510510510510511	0.03449898045885097	0.0009730947749737075	0.0029341908585220765	
0.10810810810810811	0.037985059887109415	0.000995900886698132	0.0029724245036145585	
0.1111111111111111	0.04147113931536784	0.0009799487692648892	0.00301065814870704	
0.11411411411411411	0.044957218743626286	0.0009639966518316463	0.0030488917937995224	
0.11711711711711711	0.04844329817188474	0.0009480445343984036	0.0030871254388920044	
0.12012012012012012	0.051929377600143184	0.0009320924169651607	0.0031253590839844863	
0.12312312312312312	0.05541545702840163	0.0009161402995319178	0.0031635927290769683	
0.12612612612612611	0.058901536456660054	0.000900188182098675	0.0030760790119327016	
0.12912912912912913	0.062387615884918514	0.0008842360646654321	0.0029398716512907337	
0.13213213213213212	0.06667826051303989	0.0008682839472321892	0.002803664290648767	
0.13513513513513514	0.07167270474569877	0.0008485217043348228	0.0026674569300067993	
0.13813813813813813	0.07666714897835762	0.0008171871879480957	0.0025312495693648324	
0.14114114114114115	0.0816615932110165	0.0007858526715613683	0.0023950422087228645	
0.14414414414414414	0.08665603744367535	0.0007545181551746413	0.0022588348480808984	
0.14714714714714713	0.09165048167633419	0.0007231836387879142	0.0021226274874389314	
0.15015015015015015	0.09664492590899308	0.0006918491224011869	0.0019864201267969636	
0.15315315315315314	0.10163937014165192	0.0006605146060144598	0.0018502127661549973	
0.15615615615615616	0.10663381437431081	0.0006291800896277326	0.0017800792577279303	
0.15915915915915915	0.11162825860696965	0.0005978455732410055	0.0017131703788160874	
0.16216216216216217	0.12448157588733656	0.0005672919536255059	0.0016462614999042439	
0.16516516516516516	0.14188653073072313	0.0005650130797064711	0.0015793526209924007	
0.16816816816816815	0.15929148557410971	0.0005627342057874363	0.0015124437420805578	
0.17117117117117117	0.17669644041749646	0.0005604553318684015	0.0014455348631687143	
0.17417417417417416	0.19410139526088305	0.0005581764579493669	0.0013786259842568714	
0.17717717717717718	0.21150635010426977	0.0005558975840303321	0.0013117171053450278	
0.18018018018018017	0.22891130494765638	0.0005536187101112973	0.0012448082264331847	
0.1831831831831832	0.2463162597910431	0.0005513398361922625	0.0011787886434610774	
0.18618618618618618	0.26372121463442966	0.0005490609622732278	0.0011166589701857943	
0.1891891891891892	0.28112616947781643	0.000546782088354193	0.0010545292969105107	
0.1921921921921922	0.3122004334219471	0.0005353186919427303	0.0009923996236352278	
0.19519519519519518	0.348251684938912	0.0005216454484285222	0.0009302699503599449	
0.1981981981981982	0.3843029364558772	0.000507972204914314	0.0008681402770846613	
0.2012012012012012	0.42035418797284213	0.0004942989614001059	0.0008060106038093783	
0.2042042042042042	0.4564054394898074	0.00048062571788589774	0.0007438809305340947	
0.2072072072072072	0.49245669100677225	0.0004669524743716897	0.0006817512572588117	
0.21021021021021022	0.5285079425237376	0.00045327923085748147	0.0006196215839835282	
0.2132132132132132	0.5645591940407024	0.00043960598734327336	0.0005855056324148658	
0.21621621621621623	0.6006104455576676	0.00042593274382906514	0.0005902848380514258	
0.21921921921921922	0.6366616970746326	0.00041659398719999464	0.000595064043687986	
0.2222222222222222	0.6596920605426437	0.00041032708392264926	0.0005998432493245461	
0.22522522522522523	0.6801105949960429	0.00040406018064530376	0.0006046224549611062	
0.22822822822822822	0.7005291294494418	0.00039779327736795837	0.0006094016605976663	
0.23123123123123124	0.7209476639028409	0.00039152637409061293	0.0006141808662342265	
0.23423423423423423	0.74136619835624	0.00038525947081326754	0.0006189600718707866	
0.23723723723723725	0.7617847328096391	0.00037899256753592205	0.0006237392775073467	
0.24024024024024024	0.7822032672630381	0.00037272566425857666	0.0006285184831439068	
0.24324324324324323	0.802621801716437	0.00036645876098123127	0.0006146217029560663	
0.24624624624624625	0.8230403361698362	0.00036517468998117285	0.0005907256747732651	
0.24924924924924924	0.8434588706232352	0.0003725810302180357	0.0005668296465904641	
0.25225225225225223	0.8872728164663917	0.00037998737045489845	0.0005429336184076632	
0.2552552552552553	0.9327730951178794	0.0003873937106917614	0.0005190375902248617	
0.25825825825825827	0.9782733737693665	0.00039480005092862417	0.0004951415620420607	
0.26126126126126126	1.0237736524208534	0.00040220639116548694	0.00047124553385925977	
0.26426426426426425	1.0692739310723405	0.0004096127314023497	0.0004473495056764588	
0.26726726726726724	1.1147742097238273	0.0004170190716392125	0.00042345347749365785	
0.2702702702702703	1.1602744883753153	0.00042442541187607543	0.0003995574493108564	
0.2732732732732733	1.2057747670268022	0.0004277410543619515	0.0003777735953711713	
0.27627627627627627	1.2512750456782893	0.0004066614706108805	0.00035626717000665026	
0.27927927927927926	1.2941335314236149	0.0003855818868598095	0.00033476074464212924	
0.2822822822822823	1.2586160835474676	0.0003645023031087381	0.00031325431927760783	
0.2852852852852853	1.2230986356713207	0.0003434227193576671	0.00029174789391308675	
0.2882882882882883	1.1875811877951739	0.0003223431356065961	0.0002702414685485658	
0.2912912912912913	1.152063739919027	0.0003012635518555251	0.0002487350431840447	
0.29429429429429427	1.1165462920428801	0.0002801839681044541	0.00022722861781952368	
0.2972972972972973	1.0810288441667328	0.0002591043843533827	0.00020572219245500225	
0.3003003003003003	1.045511396290586	0.00023802480060231172	0.00018699990224966715	
0.3033033033033033	1.0099939484144391	0.00023587143846804374	0.00018938950506794728	
0.3063063063063063	0.9744765005382923	0.00023530171998828505	0.00019177910788622737	
0.30930930930930933	0.9481990392858259	0.00023473200150852638	0.00019416871070450755	
0.3123123123123123	0.982444372266695	0.00023416228302876768	0.00019655831352278767	
0.3153153153153153	1.016689705247564	0.00023359256454900902	0.00019894791634106777	
0.3183183183183183	1.050935038228433	0.00023302284606925035	0.0002013375191593479	
0.3213213213213213	1.0851803712093022	0.00023245312758949166	0.000203727121977628	
0.32432432432432434	1.1194257041901718	0.000231883409109733	0.00020611672479590816	
0.32732732732732733	1.1536710371710408	0.0002313136906299743	0.00020850632761418829	
0.3303303303303303	1.18791637015191	0.00022634480461139868	0.0002050561411834596	
0.3333333333333333	1.222161703132779	0.00021950818285429463	0.0001907185242737789	
0.3363363363363363	1.256407036113648	0.00021267156109719057	0.00017638090736409818	
0.33933933933933935	1.2843903185645396	0.00020583493934008638	0.00016204329045441722	
0.34234234234234234	1.2916777196074862	0.00019899831758298233	0.00014770567354473651	
0.34534534534534533	1.2989651206504327	0.00019216169582587827	0.00013336805663505583	
0.3483483483483483	1.3062525216933794	0.00018532507406877422	0.00011903043972537511	
0.35135135135135137	1.313539922736326	0.00017848845231167003	0.00010469282281569414	
0.35435435435435436	1.3208273237792727	0.00017165183055456597	9.035520590601344e-05	
0.35735735735735735	1.3281147248222192	0.00016783053171440604	7.601758899633275e-05	
0.36036036036036034	1.3354021258651658	0.0001672608132346474	7.280075367132342e-05	
0.36336336336336333	1.3426895269081123	0.00016669109475488876	7.757995930788366e-05	
0.3663663663663664	1.349976927951059	0.00016612137627513012	8.235916494444398e-05	
0.36936936936936937	1.354502008510481	0.00016555165779537148	8.713837058100422e-05	
0.37237237237237236	1.353472443521903	0.00016498193931561284	9.191757621756445e-05	
0.37537537537537535	1.3524428785333251	0.0001644122208358542	9.669678185412468e-05	
0.3783783783783784	1.3514133135447473	0.00016384250235609556	0.000101475987490685	
0.3813813813813814	1.3503837485561694	0.00016327278387633692	0.00010625519312724524	
0.3843843843843844	1.3493541835675915	0.00016314801402250682	0.00011103439876380546	
0.38738738738738737	1.3483246185790136	0.00016428745098202413	0.0001158136044003657	
0.39039039039039036	1.3472950535904358	0.00016542688794154143	0.00011864687024775938	
0.3933933933933934	1.346265488601858	0.00016656632490105877	0.00012103647306603955	
0.3963963963963964	1.3452359236132798	0.00016770576186057607	0.00012342607588431965	
0.3993993993993994	1.3527857449914646	0.00016884519882009338	0.00012581567870259978	
0.4024024024024024	1.371617164670756	0.0001699846357796107	0.0001282052815208799	
0.40540540540540543	1.3904485843500476	0.00017112407273912802	0.00013059488433916005	
0.4084084084084084	1.409280004029339	0.00017226350969864535	0.00013298448715744017	
0.4114114114114114	1.4281114237086303	0.00017365058033136127	0.0001353740899757203	
0.4144144144144144	1.4469428433879215	0.00018105692056822405	0.00013776369279400042	
0.4174174174174174	1.4657742630672128	0.00018846326080508682	0.00014004111655031143	
0.42042042042042044	1.4846056827465046	0.00019586960104194976	0.0001400411165503114	
0.42342342342342343	1.5034371024257958	0.00020327594127881254	0.00014004111655031138	
0.4264264264264264	1.5222685221050871	0.0002106822815156753	0.00014004111655031135	
0.4294294294294294	1.524877980813012	0.00021808862175253812	0.00014004111655031132	
0.43243243243243246	1.513206266071941	0.00022549496198940103	0.0001400411165503113	
0.43543543543543545	1.5015345513308704	0.0002329013022262638	0.00014004111655031127	
0.43843843843843844	1.4898628365897997	0.0002403076424631266	0.00014004111655031124	
0.44144144144144143	1.478191121848729	0.0002463147029739881	0.00014004111655031121	
0.4444444444444444	1.4665194071076582	0.00025201188777157474	0.0001400411165503112	
0.44744744744744747	1.4548476923665872	0.00025770907256916157	0.00013736903193810397	
0.45045045045045046	1.4431759776255164	0.00026340625736674824	0.00012781062066498356	
0.45345345345345345	1.4315042628844459	0.0002691034421643349	0.00011825220939186313	
0.45645645645645644	1.4198325481433751	0.00027480062696192157	0.00010869379811874272	
0.45945945945945943	1.415964932393742	0.00028049781175950824	9.913538684562231e-05	
0.4624624624624625	1.4166482398232054	0.00028619499655709507	8.957697557250173e-05	
0.46546546546546547	1.4173315472526686	0.00029189218135468174	8.001856429938132e-05	
0.46846846846846846	1.418014854682132	0.0003057643066034651	7.046015302626089e-05	
0.47147147147147145	1.4186981621115953	0.00032513473491526	6.090174175314048e-05	
0.4744744744744745	1.4193814695410587	0.00034450516322705513	5.1343330480019896e-05	
0.4774774774774775	1.420064776970522	0.00036387559153885	5.157582515997482e-05	
0.4804804804804805	1.4207480843999853	0.00038324601985064485	6.113423643309526e-05	
0.48348348348348347	1.4214313918294486	0.0004026164481624397	7.069264770621571e-05	
0.48648648648648646	1.4221146992589118	0.0004219868764742345	8.025105897933615e-05	
0.4894894894894895	1.415278488040712	0.0004413573047860297	8.980947025245676e-05	
0.4924924924924925	1.4056821378859368	0.0004607277330978246	9.936788152557721e-05	
0.4954954954954955	1.3960857877311617	0.0004803129798718855	0.00010892629279869765	
0.4984984984984985	1.3864894375763865	0.0005002531266634394	0.0001184847040718181	
0.5015015015015015	1.3768930874216112	0.0005201932734549935	0.00012804311534493873	
0.5045045045045045	1.3672967372668363	0.000540133420246547	0.00013760152661805897	
0.5075075075075075	1.357700387112061	0.0005600735670381013	0.00014538023255596257	
0.5105105105105106	1.3481040369572856	0.0005800137138296554	0.00015254904101080305	
0.5135135135135135	1.3385076868025108	0.0005999538606212089	0.00015971784946564326	
0.5165165165165165	1.3289113366477354	0.0006198940074127631	0.00016688665792048373	
0.5195195195195195	1.3292733277863935	0.0006398341542043166	0.00017405546637532394	
0.5225225225225225	1.33165569610075	0.0006616436035162445	0.00018122427483016442	
0.5255255255255256	1.3340380644151064	0.0006935478383827305	0.0001883930832850049	
0.5285285285285285	1.3364204327294626	0.0007254520732492154	0.0001955618917398451	
0.5315315315315315	1.338802801043819	0.0007573563081157015	0.00020273070019468558	
0.5345345345345345	1.3411851693581753	0.0007892605429821864	0.0002098995086495258	
0.5375375375375375	1.3435675376725316	0.0008211647778486725	0.00020539057997286773	
0.5405405405405406	1.345949905986888	0.0008530690127151585	0.0002006113743363074	
0.5435435435435435	1.3483322743012442	0.0008849732475816434	0.00019583216869974726	
0.5465465465465466	1.3507146426156007	0.0009168774824481295	0.00019105296306318696	
0.5495495495495496	1.3630290754487273	0.0009487817173146156	0.00018627375742662664	
0.5525525525525525	1.3760775819678859	0.0010030689629972897	0.00018149455179006647	
0.5555555555555556	1.3891260884870449	0.0010589013740136407	0.00017671534615350617	
0.5585585585585585	1.4021745950062035	0.0011147337850299895	0.00017193614051694604	
0.5615615615615616	1.4152231015253625	0.0011705661960463402	0.0001671569348803857	
0.5645645645645646	1.4282716080445212	0.0012263986070626912	0.0001618759425447231	
0.5675675675675675	1.4413201145636798	0.00128223101807904	0.00015470713408988288	
0.5705705705705706	1.4543686210828388	0.001338063429095391	0.0001475383256350424	
0.5735735735735735	1.4674171276019974	0.0013938958401117398	0.0001403695171802022	
0.5765765765765766	1.480644130588123	0.0014497282511280905	0.0001332007087253617	
0.5795795795795796	1.4994472002783201	0.001535687895303744	0.00012603190027052124	
0.5825825825825826	1.5182502699685168	0.0016336794738222335	0.00011886309181568101	
0.5855855855855856	1.5370533396587138	0.001731671052340727	0.00011169428336084053	
0.5885885885885885	1.5558564093489105	0.0018296626308592168	0.00010452547490600033	
0.5915915915915916	1.5746594790391075	0.00192765420937771	9.735666645115985e-05	
0.5945945945945946	1.5934625487293048	0.0020256457878962035	0.00010076414589816905	
0.5975975975975976	1.6122656184195012	0.002123637366414693	0.00011749136562612953	
0.6006006006006006	1.6310686881096985	0.0022216289449331866	0.00013421858535409063	
0.6036036036036035	1.649871757799895	0.0023196205234516766	0.00015094580508205114	
0.6066066066066066	1.6644483138675499	0.0024738762451479903	0.00016767302481001225	
0.6096096096096096	1.6509532344432476	0.0026858115196182197	0.00018440024453797335	
0.6126126126126126	1.6374581550189458	0.002897746794088442	0.00020112746426593386	
0.6156156156156156	1.6239630755946433	0.0031096820685586717	0.00021785468399389496	
0.6186186186186187	1.610467996170341	0.0033216173430289015	0.00023458190372185607	
0.6216216216216216	1.5969729167460391	0.0035335526174991236	0.0002513091234498166	
0.6246246246246246	1.5834778373217369	0.0037454878919693534	0.0002583555178901718	
0.6276276276276276	1.569982757897435	0.0039574231664395755	0.0002607451207084518	
0.6306306306306306	1.5564876784731327	0.004169358440909805	0.00026313472352673185	
0.6336336336336337	1.5429925990488302	0.004417995646987867	0.0002655243263450119	
0.6366366366366366	1.531640184064832	0.004764384482681133	0.0002679139291632919	
0.6396396396396397	1.5274327549140518	0.005110773318374412	0.0002703035319815719	
0.6426426426426426	1.523225325763272	0.0054571621540676785	0.00027269313479985185	
0.6456456456456456	1.519017896612492	0.005803550989760957	0.0002750827376181319	
0.6486486486486487	1.514810467461712	0.006149939825454236	0.000277472340436412	
0.6516516516516516	1.5106030383109321	0.006496328661147502	0.0002798619432546919	
0.6546546546546547	1.5063956091601522	0.006842717496840781	0.00026489704229416984	
0.6576576576576576	1.5021881800093724	0.007189106332534048	0.00024816982256620955	
0.6606606606606606	1.4979807508585923	0.007538407003303815	0.0002314426028382486	
0.6636636636636637	1.4937733217078124	0.007940628250013446	0.00021471538311028767	
0.6666666666666666	1.4902758342845626	0.00834284949672306	0.00019798816338232732	
0.6696696696696697	1.4882162196922084	0.00874507074343269	0.00018126094365436638	
0.6726726726726726	1.4861566050998545	0.009147291990142303	0.0001645337239264061	
0.6756756756756757	1.4840969905075005	0.009549513236851933	0.00014780650419844512	
0.6786786786786787	1.4820373759151466	0.009951734483561563	0.00013107928447048418	
0.6816816816816816	1.4799777613227927	0.010353955730271178	0.00011770758719405098	
0.6846846846846847	1.4779181467304385	0.010756176976980808	0.00012487639564889144	
0.6876876876876877	1.4758585321380846	0.011158398223690438	0.00013204520410373192	
0.6906906906906907	1.4737989175457307	0.011721179032229684	0.00013921401255857216	
0.6936936936936937	1.4717393029533767	0.012316534843577516	0.00014638282101341263	
0.6966966966966966	1.4770240604491867	0.012911890654925325	0.00015355162946825284	
0.6996996996996997	1.4920292008310818	0.013507246466273154	0.00016072043792309332	
0.7027027027027027	1.5070343412129772	0.014102602277620986	0.0001678892463779338	
0.7057057057057057	1.522039481594872	0.014697958088968795	0.000175058054832774	
0.7087087087087087	1.537044621976767	0.015293313900316626	0.00018222686328761448	
0.7117117117117117	1.5520497623586618	0.015888669711664433	0.00018315591138880704	
0.7147147147147147	1.567054902740557	0.016484025523012265	0.0001735975001156864	
0.7177177177177178	1.5820600431224523	0.016965991046299107	0.00016403908884256578	
0.7207207207207207	1.5970651835043468	0.017375618633245576	0.0001544806775694455	
0.7237237237237237	1.6120703238862422	0.017785246220192064	0.00014492226629632485	
0.7267267267267267	1.613596535601319	0.018194873807138537	0.00013536385502320458	
0.7297297297297297	1.6031804588387877	0.018604501394085024	0.00012580544375008395	
0.7327327327327328	1.5927643820762563	0.01901412898103151	0.00011624703247696331	
0.7357357357357357	1.5823483053137253	0.01942375656797798	0.00010668862120384304	
0.7387387387387387	1.571932228551194	0.019833384154924468	9.71302099307224e-05	
0.7417417417417418	1.5615161517886627	0.020243011741870955	9.625521722151053e-05	
0.7447447447447447	1.5511000750261317	0.020898858303310397	0.00010103442285807068	
0.7477477477477478	1.5406839982636003	0.02194030368430927	0.000105813628494631	
0.7507507507507507	1.5302679215010693	0.022981749065308102	0.00011059283413119115	
0.7537537537537538	1.519851844738538	0.024023194446306975	0.00011537203976775146	
0.7567567567567568	1.5064953543562842	0.025064639827305845	0.00012015124540431179	
0.7597597597597597	1.491412433235077	0.02610608520830468	0.00012493045104087193	
0.7627627627627628	1.4763295121138695	0.02714753058930355	0.00012970965667743225	
0.7657657657657657	1.4612465909926624	0.028188975970302385	0.0001344888623139924	
0.7687687687687688	1.4461636698714548	0.029230421351301255	0.0001392680679505527	
0.7717717717717718	1.431080748750247	0.030500665660925026	0.00013803803803191062	
0.7747747747747747	1.4159978276290401	0.032896901586789956	0.00013564843521363056	
0.7777777777777778	1.4009149065078323	0.035293137512654976	0.0001332588323953504	
0.7807807807807807	1.3858319853866252	0.037689373438519906	0.00013086922957707034	
0.7837837837837838	1.3707490642654176	0.04008560936438492	0.00012847962675879016	
0.7867867867867868	1.3627964994242623	0.04248184529024994	0.00012609002394051	
0.7897897897897898	1.3574824514683905	0.044878081216114876	0.00012370042112222994	
0.7927927927927928	1.3521684035125188	0.04727431714197989	0.00012131081830394978	
0.7957957957957957	1.346854355556647	0.04967055306784482	0.0001189212154856697	
0.7987987987987988	1.341540307600775	0.05206678899370984	0.00011619297708498294	
0.8018018018018018	1.336226259644903	0.05610555805904898	0.00010902416863014246	
0.8048048048048048	1.3309122116890313	0.06023430788186	0.00010185536017530226	
0.8078078078078078	1.3255981637331595	0.06436305770467117	9.468655172046178e-05	
0.8108108108108109	1.3202841157772875	0.06849180752748235	8.75177432656213e-05	
0.8138138138138138	1.3149700678214158	0.07262055735029337	8.034893481078108e-05	
0.8168168168168168	1.3130970581939287	0.07674930717310453	7.31801263559406e-05	
0.8198198198198198	1.311930104796661	0.08087805699591555	6.60113179011004e-05	
0.8228228228228228	1.3107631513993931	0.08500680681872673	5.884250944625993e-05	
0.8258258258258259	1.3095961980021253	0.0891355566415379	5.1673700991419443e-05	
0.8288288288288288	1.3084292446048575	0.09286572559969278	5.2481651241724835e-05	
0.8318318318318318	1.3072622912075895	0.09644640624497615	7.159847378796601e-05	
0.8348348348348348	1.3060953378103217	0.10002708689025938	9.07152963342065e-05	
0.8378378378378378	1.304928384413054	0.10360776753554277	0.00010983211888044767	
0.8408408408408409	1.3037614310157861	0.10718844818082612	0.00012894894142668884	
0.8438438438438438	1.3025944776185183	0.11076912882610937	0.0001480657639729293	
0.8468468468468469	1.2957420849526031	0.11434980947139274	0.0001671825865191705	
0.8498498498498498	1.28845904544644	0.11793049011667599	0.00018629940906541095	
0.8528528528528528	1.2811760059402766	0.12151117076195936	0.00020541623161165215	
0.8558558558558559	1.2738929664341132	0.12811959252955823	0.00022453305415789335	
0.8588588588588588	1.26660992692795	0.1376788989014288	0.00024236887473076527	
0.8618618618618619	1.2593268874217867	0.1472382052732997	0.0002590960944587264	
0.8648648648648649	1.2520438479156233	0.1567975116451706	0.00027582331418668754	
0.8678678678678678	1.2447608084094601	0.1663568180170412	0.00029255053391464804	
0.8708708708708709	1.2374777689032967	0.1759161243889121	0.0003092777536426092	
0.8738738738738738	1.2300441116422254	0.18547543076078266	0.0003260049733705697	
0.8768768768768769	1.2176430510278629	0.19503473713265357	0.00034273219309853087	
0.8798798798798799	1.2052419904135	0.20459404350452448	0.000359459412826492	
0.8828828828828829	1.192840929799138	0.22000856236506616	0.00037618663255445254	
0.8858858858858859	1.1804398691847755	0.2500686185125735	0.00039291385228241364	
0.8888888888888888	1.1680388085704134	0.2801286746600798	0.00041882529233263016	
0.8918918918918919	1.1556377479560507	0.31018873080758713	0.0004475005261519921	
0.8948948948948949	1.1432366873416882	0.34024878695509453	0.000476175759971354	
0.8978978978978979	1.130835626727326	0.37030884310260076	0.0005048509937907148	
0.9009009009009009	1.1184345661129633	0.4003688992501081	0.0005335262276100767	
0.9039039039039038	1.1031728297751775	0.4304289553976144	0.0005622014614294376	
0.9069069069069069	1.068642300750166	0.4604890115451218	0.0005908766952487996	
0.9099099099099099	1.0341117717251547	0.49224119897966645	0.0006195519290681615	
0.9129129129129129	0.9995812427001446	0.5484177199577895	0.0006482271628875223	
0.9159159159159159	0.9650507136751333	0.6045942409359146	0.0006768869800206151	
0.9189189189189189	0.9305201846501232	0.6607707619140377	0.0006936141997485757	
0.9219219219219219	0.8959896556251118	0.7169472828921628	0.0007103414194765368	
0.924924924924925	0.8614591266001004	0.7731238038702879	0.0007270686392044979	
0.9279279279279279	0.8269285975750904	0.829300324848411	0.0007437958589324584	
0.9309309309309309	0.792398068550079	0.8854768458265361	0.0007605230786604195	
0.933933933933934	0.7563097234277647	0.9416533668046613	0.0007772502983883806	
0.9369369369369369	0.7149798008643973	0.9978298877827844	0.0007939775181163411	
0.93993993993994	0.6736498783010283	1.0630185581577933	0.0008107047378443022	
0.9429429429429429	0.6323199557376608	1.1298733126020328	0.0008274319575722628	
0.9459459459459459	0.5909900331742918	1.196728067046275	0.0008430413264435509	
0.948948948948949	0.5496601106109228	1.263582821490517	0.0008549893405349517	
0.9519519519519519	0.5083301880475554	1.3304375759347566	0.0008669373546263521	
0.954954954954955	0.4670002654841863	1.3972923303789988	0.0008788853687177528	
0.9579579579579579	0.4256703429208189	1.4641470848232383	0.0008908333828091531	
0.960960960960961	0.3843404203574499	1.5310018392674807	0.0009027813969005539	
0.963963963963964	0.34878252321061864	1.5978565937117226	0.0009147294109919547	
0.9669669669669669	0.32499930543611083	1.6528645716464896	0.000926677425083355	
0.96996996996997	0.3012160876616022	1.7007083901396651	0.0009386254391747558	
0.9729729729729729	0.27743286988709437	1.748552208632839	0.0009505734532661562	
0.975975975975976	0.2536496521125857	1.7963960271260144	0.0009714396075129103	
0.978978978978979	0.22986643433807705	1.84423984561919	0.0010025044441505527	
0.9819819819819819	0.20608321656356926	1.8920836641123637	0.0010335692807881942	
0.984984984984985	0.1822999987890606	1.9399274826055395	0.0010646341174258367	
0.9879879879879879	0.15851678101455283	1.987771301098713	0.0010956989540634782	
0.990990990990991	0.13473356324004415	2.035615119591889	0.0011267637907011207	
0.993993993993994	0.1171702056592901	2.069051354980286	0.0011578286273387633	
0.996996996996997	0.10789248999733234	2.0810855184282264	0.0011888934639764047	
1.0	0.09861477433537424	2.0931196818761673	0.0012199583006140473	
1.003003003003003	0.08933705867341615	2.1051538453241077	0.0012510231372516898	
1.006006006006006	0.08005934301145806	2.1171880087720485	0.0012770761450578256	
1.009009009009009	0.07078162734950066	2.1292221722199884	0.0013009721732406246	
1.012012012012012	0.061503911687542566	2.1412563356679293	0.0013248682014234251	
1.015015015015015	0.05222619602558447	2.15329049911587	0.0013487642296062257	
1.018018018018018	0.042948480363626376	2.165324662563811	0.0013726602577890264	
1.021021021021021	0.033670764701668285	2.1727543628759034	0.001396556285971827	
1.024024024024024	0.028005886488569547	2.1594223807310735	0.0014204523141546257	
1.027027027027027	0.025562456659240396	2.1460903985862423	0.0014443483423374264	
1.03003003003003	0.023119026829911248	2.1327584164414115	0.001468244370520227	
1.033033033033033	0.0206755970005821	2.1194264342965803	0.0014921403987030277	
1.0360360360360361	0.01823216717125295	2.1060944521517495	0.001487092554765229	
1.039039039039039	0.01578873734192398	2.092762470006919	0.001479923746310389	
1.042042042042042	0.013345307512594832	2.0794304878620884	0.0014727549378555486	
1.045045045045045	0.010901877683265681	2.066098505717257	0.001465586129400708	
1.048048048048048	0.008458447853936533	2.0527665235724264	0.0014584173209458678	
1.0510510510510511	0.0060150180246073826	2.0387750091024834	0.0014512485124910273	
1.054054054054054	0.0049080355692734225	2.024756516189542	0.0014440797040361874	
1.057057057057057	0.004591097229650008	2.0107380232766	0.001436910895581347	
1.06006006006006	0.004274158890026594	1.9967195303636578	0.0014297420871265064	
1.063063063063063	0.003957220550403179	1.9827010374507155	0.0014225732786716664	
1.0660660660660661	0.0036402822107797646	1.9686825445377731	0.001415404470216827	
1.069069069069069	0.0033233438711563735	1.954664051624832	0.0014082356617619882	
1.072072072072072	0.003006405531532959	1.9406455587118896	0.0014010668533071488	
1.075075075075075	0.0026894671919095443	1.9266270657989473	0.0013938980448523093	
1.078078078078078	0.0023725288522861297	1.9206968075157929	0.0013867292363974701	
1.0810810810810811	0.002055590512662715	1.9176100727924588	0.0013795604279426307	
1.084084084084084	0.001898363486641321	1.9145233380691247	0.001372391619487792	
1.087087087087087	0.001800713524203829	1.9114366033457906	0.0013652228110329525	
1.09009009009009	0.001703063561766337	1.9083498686224563	0.0013580540025781133	
1.093093093093093	0.0016054135993288448	1.9052631338991222	0.0013670102562362567	
1.0960960960960962	0.0015077636368913529	1.9021763991757878	0.0014004646956921778	
1.0990990990990992	0.001410113674453861	1.8990896644524538	0.001433919135148099	
1.102102102102102	0.001312463712016376	1.8960029297291197	0.0014673735746040177	
1.105105105105105	0.0012148137495788841	1.8917705694603135	0.0015008280140599388	
1.1081081081081081	0.001117163787141392	1.8864767453463975	0.00153428245351586	
1.1111111111111112	0.0010195138247039	1.8811829212324815	0.0015677368929717813	
1.1141141141141142	0.000951964188045854	1.8758890971185656	0.0016011913324277024	
1.117117117117117	0.0008906603654734394	1.8705952730046498	0.001634645771883621	
1.12012012012012	0.0008293565429010202	1.8653014488907338	0.0016681002113395423	
1.1231231231231231	0.000768052720328601	1.8600076247768178	0.0016835021489168362	
1.1261261261261262	0.0007067488977561819	1.8547138006629018	0.001688281354553398	
1.1291291291291292	0.0006454450751837628	1.8494199765489858	0.0016930605601899594	
1.132132132132132	0.0005841412526113481	1.8385989041004611	0.0016978397658265207	
1.135135135135135	0.0005228374300389289	1.8147727075584716	0.0017026189714630824	
1.1381381381381381	0.0004615336074665098	1.7909465110164822	0.0017073981770996441	
1.1411411411411412	0.0004002297848940906	1.7671203144744927	0.0017121773827362056	
1.1441441441441442	0.00037040651456379684	1.7432941179325032	0.0017169565883727673	
1.147147147147147	0.0003430257558654457	1.7194679213905155	0.0017217357940093286	
1.15015015015015	0.0003156449971670926	1.695641724848526	0.0017265149996458903	
1.1531531531531531	0.0002882642384687395	1.6718155283065366	0.001712752250053735	
1.1561561561561562	0.00026088347977038634	1.647989331764547	0.0016960250303257726	
1.1591591591591592	0.00023350272107203323	1.625203331652679	0.00167929781059781	
1.162162162162162	0.00020612196237368213	1.614811096863403	0.0016625705908698489	
1.165165165165165	0.000178741203675329	1.6044188620741264	0.0016458433711418862	
1.1681681681681682	0.00015136044497697585	1.5940266272848498	0.0016291161514139238	
1.1711711711711712	0.00012449910804744296	1.583634392495573	0.0016123889316859614	
1.1741741741741742	0.00011577603447982585	1.5732421577062963	0.0015956617119579988	
1.177177177177177	0.00010705296091220937	1.5628499229170203	0.0015789344922300377	
1.1801801801801801	9.832988734459227e-05	1.5524576881277437	0.0015717184463604527	
1.1831831831831832	8.960681377697515e-05	1.542065453338467	0.0016553545450002593	
1.1861861861861862	8.088374020935805e-05	1.5316732185491901	0.001738990643640066	
1.1891891891891893	7.216066664174093e-05	1.5275018757513823	0.001822626742279873	
1.192192192192192	6.343759307412445e-05	1.5243718424235884	0.0019062628409196735	
1.1951951951951951	5.4714519506507344e-05	1.5212418090957942	0.00198989893955948	
1.1981981981981982	4.5991445938890226e-05	1.518111775768	0.002073535038199287	
1.2012012012012012	3.819651195641953e-05	1.5149817424402057	0.0021571711368390937	
1.2042042042042043	3.67426663618167e-05	1.5118517091124115	0.0022408072354789007	
1.207207207207207	3.5288820767213985e-05	1.5087216757846176	0.0023244433341187013	
1.2102102102102101	3.3834975172611154e-05	1.5055916424568234	0.002402603342477866	
1.2132132132132132	3.238112957800833e-05	1.5024616091290293	0.0024695122213897087	
1.2162162162162162	3.09272839834055e-05	1.496571792128566	0.0025364211003015514	
1.2192192192192193	2.9473438388802677e-05	1.4891010737034889	0.002603329979213394	
1.2222222222222223	2.801959279419985e-05	1.481630355278412	0.002670238858125237	
1.2252252252252251	2.656574719959713e-05	1.4741596368533356	0.0027371477370370743	
1.2282282282282282	2.5111901604994304e-05	1.4666889184282588	0.002804056615948917	
1.2312312312312312	2.382344671564849e-05	1.4592182000031817	0.0028709654948607596	
1.2342342342342343	2.3096523918347078e-05	1.4517474815781048	0.0029378743737726023	
1.2372372372372373	2.2369601121045666e-05	1.4442767631530278	0.003004783252684445	
1.2402402402402402	2.1642678323744305e-05	1.4368060447279514	0.0031426135888342355	
1.2432432432432432	2.0915755526442894e-05	1.42645053172753	0.0033361714171149266	
1.2462462462462462	2.0188832729141482e-05	1.4120281084124402	0.0035297292453956184	
1.2492492492492493	1.946190993184007e-05	1.3976056850973504	0.0037232870736763094	
1.2522522522522523	1.8734987134538655e-05	1.3831832617822606	0.003916844901957001	
1.2552552552552552	1.8008064337237297e-05	1.368760838467172	0.0041104027302376785	
1.2582582582582582	1.7281141539935885e-05	1.354338415152082	0.0043039605585183695	
1.2612612612612613	1.7030153646633242e-05	1.3399159918369923	0.0044975183867990605	
1.2642642642642643	1.775707644393467e-05	1.3254935685219025	0.004691076215079752	
1.2672672672672673	1.8483999241236103e-05	1.3110711452068127	0.004884634043360443	
1.2702702702702702	1.921092203853748e-05	1.2981095135901426	0.005178572959706454	
1.2732732732732732	1.993784483583891e-05	1.2912107925187437	0.005498779737355999	
1.2762762762762763	2.0664767633140342e-05	1.2843120714473446	0.005818986515005544	
1.2792792792792793	2.1391690430441774e-05	1.2774133503759457	0.006139193292655089	
1.2822822822822824	2.2118613227743203e-05	1.2705146293045466	0.006459400070304634	
1.2852852852852852	2.284553602504458e-05	1.2636159082331482	0.006779606847954155	
1.2882882882882882	2.3572458822346013e-05	1.2567171871617493	0.007099813625603701	
1.2912912912912913	2.3160719557594324e-05	1.2498184660903502	0.007420020403253245	
1.2942942942942943	2.1222258764790524e-05	1.2429197450189513	0.00774022718090279	
1.2972972972972974	1.9283797971986724e-05	1.2360210239475522	0.008075489475174348	
1.3003003003003002	1.7345337179183067e-05	1.22201211689417	0.008993096957393854	
1.3033033033033032	1.5406876386379267e-05	1.2078084654753074	0.00991070443961343	
1.3063063063063063	1.3468415593575467e-05	1.1936048140564448	0.010828311921833004	
1.3093093093093093	1.1529954800771667e-05	1.179401162637582	0.01174591940405258	
1.3123123123123124	9.591494007967866e-06	1.1651975112187194	0.012663526886272154	
1.3153153153153152	7.65303321516421e-06	1.150993859799858	0.01358113436849166	
1.3183183183183182	5.71457242236041e-06	1.136790208380995	0.014498741850711237	
1.3213213213213213	4.797767484181101e-06	1.1225865569621325	0.01541634933293081	
1.3243243243243243	4.797767484181101e-06	1.10838290554327	0.016333956815150385	
1.3273273273273274	4.797767484181101e-06	1.1024588130419086	0.017306394007393765	
1.3303303303303302	4.797767484181101e-06	1.0992575649041438	0.01843667614044021	
1.3333333333333333	4.797767484181101e-06	1.0960563167663788	0.01956695827348674	
1.3363363363363363	4.797767484181101e-06	1.0928550686286138	0.020697240406533268	
1.3393393393393394	4.797767484181101e-06	1.0896538204908488	0.021827522539579796	
1.3423423423423424	4.797767484181101e-06	1.0864525723530838	0.022957804672626324	
1.3453453453453452	4.797767484181101e-06	1.0832513242153192	0.024088086805672766	
1.3483483483483483	4.797767484181101e-06	1.0800500760775542	0.025218368938719295	
1.3513513513513513	4.645868253438919e-06	1.0768488279397892	0.026348651071765823	
1.3543543543543544	4.403560654338449e-06	1.0709397594359398	0.02747893320481235	
1.3573573573573574	4.161253055237981e-06	1.0626457978076138	0.02831623877569552	
1.3603603603603605	3.918945456137511e-06	1.0543518361792876	0.028849120204171973	
1.3633633633633633	3.67663785703706e-06	1.0460578745509623	0.029382001632648386	
1.3663663663663663	3.434330257936591e-06	1.0377639129226364	0.02991488306112484	
1.3693693693693694	3.1920226588361214e-06	1.0294699512943104	0.030447764489601292	
1.3723723723723724	2.9497150597356523e-06	1.0211759896659844	0.030980645918077747	
1.3753753753753755	2.7074074606351833e-06	1.0128820280376585	0.0315135273465542	
1.3783783783783783	2.4650998615347316e-06	1.0045880664093332	0.032046408775030615	
1.3813813813813813	2.927158181059492e-06	0.9969724667650219	0.03257929020350707	
1.3843843843843844	3.6540809783609086e-06	0.9908605269141708	0.033112171631983524	
1.3873873873873874	4.3810037756623254e-06	0.9847485870633196	0.034235942992649766	
1.3903903903903905	5.1079265729637415e-06	0.9786366472124683	0.035586068584978085	
1.3933933933933933	5.834849370265105e-06	0.9725247073616177	0.0369361941773063	
1.3963963963963963	6.561772167566521e-06	0.9664127675107664	0.03828631976963461	
1.3993993993993994	7.288694964867938e-06	0.9603008276599152	0.03963644536196293	
1.4024024024024024	8.015617762169355e-06	0.9541888878090641	0.04098657095429124	
1.4054054054054055	8.742540559470772e-06	0.9480769479582128	0.04233669654661956	
1.4084084084084083	9.469463356772134e-06	0.9423345198970169	0.04368682213894778	
1.4114114114114114	9.395251239791753e-06	0.9403251228189072	0.04503694773127609	
1.4144144144144144	9.152943640691282e-06	0.9383157257407975	0.04638707332360441	
1.4174174174174174	8.910636041590811e-06	0.9363063286626878	0.05103470349803488	
1.4204204204204205	8.66832844249034e-06	0.9342969315845782	0.05583541555995968	
1.4234234234234233	8.426020843389887e-06	0.9322875345064686	0.06063612762188413	
1.4264264264264264	8.183713244289416e-06	0.930278137428359	0.06543683968380894	
1.4294294294294294	7.941405645188945e-06	0.9282687403502492	0.07023755174573373	
1.4324324324324325	7.699098046088474e-06	0.9262593432721395	0.07503826380765855	
1.4354354354354355	7.456790446988003e-06	0.9242499461940299	0.07983897586958336	
1.4384384384384383	7.21448284788755e-06	0.9196574378953186	0.0846396879315078	
1.4414414414414414	7.870079158725379e-06	0.9146763892267893	0.08944039999343259	
1.4444444444444444	8.597001956026803e-06	0.9096953405582598	0.09409671672049497	
1.4474474474474475	9.323924753328226e-06	0.9047142918897305	0.09813036627775185	
1.4504504504504505	1.005084755062965e-05	0.8997332432212012	0.10216401583500873	
1.4534534534534533	1.077777034793102e-05	0.8947521945526722	0.1061976653922653	
1.4564564564564564	1.1504693145232445e-05	0.8897711458841429	0.11023131494952218	
1.4594594594594594	1.2231615942533868e-05	0.8847900972156134	0.11426496450677906	
1.4624624624624625	1.2958538739835292e-05	0.8798090485470841	0.11829861406403594	
1.4654654654654655	1.3685461537136716e-05	0.8760530109291426	0.12233226362129282	
1.4684684684684683	1.4399663079841635e-05	0.8729611487394917	0.1263659131785494	
1.4714714714714714	1.4641970678942097e-05	0.8698692865498405	0.13039956273580627	
1.4744744744744744	1.4884278278042558e-05	0.8667774243601895	0.1344804788674143	
1.4774774774774775	1.5126585877143021e-05	0.8636855621705383	0.1386264397571305	
1.4804804804804805	1.5368893476243484e-05	0.8605936999808872	0.14277240064684665	
1.4834834834834836	1.5611201075343947e-05	0.857501837791236	0.14691836153656282	
1.4864864864864864	1.585350867444439e-05	0.8544099756015852	0.1510643224262787	
1.4894894894894894	1.609581627354485e-05	0.851318113411934	0.15521028331599487	
1.4924924924924925	1.6338123872645314e-05	0.8470239852139393	0.15935624420571107	
1.4954954954954955	1.6580431471745774e-05	0.8411205623266805	0.16350220509542723	
1.4984984984984986	1.663942181357193e-05	0.8352171394394218	0.16764816598514343	
1.5015015015015014	1.5427883818069664e-05	0.8293137165521635	0.1717941268748593	
1.5045045045045045	1.421634582256731e-05	0.8234102936649048	0.17554658626535713	
1.5075075075075075	1.3004807827064956e-05	0.817506870777646	0.17909036724486646	
1.5105105105105106	1.17932698315626e-05	0.8116034478903873	0.1826341482243758	
1.5135135135135136	1.0581731836060244e-05	0.8057000250031287	0.18617792920388515	
1.5165165165165164	9.37019384055798e-06	0.7997966021158703	0.18972171018339423	
1.5195195195195195	8.158655845055626e-06	0.7936927738578144	0.19326549116290356	
1.5225225225225225	6.94711784955327e-06	0.7868202598364854	0.1968092721424129	
1.5255255255255256	5.735579854050916e-06	0.7799477458151564	0.20035305312192225	
1.5285285285285286	4.688277233928084e-06	0.7730752317938273	0.20389683410143158	
1.5315315315315314	4.203662035727178e-06	0.7662027177724988	0.20744061508094067	
1.5345345345345345	3.719046837526236e-06	0.7593302037511698	0.20971398247432874	
1.5375375375375375	3.234431639325294e-06	0.7524576897298407	0.21182400176287028	
1.5405405405405406	2.7498164411243522e-06	0.7455851757085117	0.21393402105141182	
1.5435435435435436	2.2652012429234103e-06	0.7387126616871826	0.21604404033995336	
1.5465465465465464	1.780586044722504e-06	0.7318401476658541	0.21815405962849474	
1.5495495495495495	1.295970846521562e-06	0.7257636059497939	0.22026407891703628	
1.5525525525525525	8.113556483206202e-07	0.7196983830142824	0.22237409820557782	
1.5555555555555556	3.267404501196779e-07	0.7136331600787708	0.22448411749411934	
1.5585585585585586	7.89373740406327e-08	0.7075679371432592	0.22659413678266088	
1.5615615615615615	3.212449731410876e-07	0.701502714207748	0.2296071233461567	
1.5645645645645645	5.635525722415605e-07	0.6954374912722364	0.23932563800810192	
1.5675675675675675	8.058601713420332e-07	0.6893722683367248	0.24904415267004715	
1.5705705705705706	1.048167770442506e-06	0.6833070454012132	0.2587626673319924	
1.5735735735735736	1.290475369542979e-06	0.6772418224657017	0.2684811819939376	
1.5765765765765765	1.5327829686434338e-06	0.6707175688464297	0.2781996966558821	
1.5795795795795795	1.7750905677439066e-06	0.6640524323517335	0.28791821131782735	
1.5825825825825826	2.0173981668443795e-06	0.6573872958570373	0.2976367259797726	
1.5855855855855856	2.2597057659448523e-06	0.650722159362341	0.3073552406417178	
1.5885885885885886	2.3988837420905674e-06	0.6440570228676448	0.31707375530366305	
1.5915915915915915	2.3988837420905657e-06	0.6373918863729491	0.3299619853642962	
1.5945945945945945	2.398883742090564e-06	0.6307267498782528	0.34870364026806777	
1.5975975975975976	2.398883742090562e-06	0.6240616133835566	0.3674452951718393	
1.6006006006006006	2.3988837420905602e-06	0.6173964768888603	0.3861869500756109	
1.6036036036036037	2.3988837420905585e-06	0.6101114054792053	0.4049286049793824	
1.6066066066066067	2.398883742090557e-06	0.6023074017434703	0.42367025988315393	
1.6096096096096095	2.3988837420905547e-06	0.594503398007736	0.4424119147869241	
1.6126126126126126	2.398883742090553e-06	0.586699394272001	0.4611535696906956	
1.6156156156156156	2.3988837420905513e-06	0.578895390536266	0.47989522459446715	
1.6186186186186187	2.2715618702216532e-06	0.5710913868005311	0.49863687949823865	
1.6216216216216217	2.029254271121182e-06	0.5632873830647961	0.5205374470356892	
1.6246246246246245	1.7869466720207291e-06	0.5554833793290617	0.5446891627200445	
1.6276276276276276	1.544639072920258e-06	0.5476793755933267	0.5688408784044017	
1.6306306306306306	1.302331473819787e-06	0.5396156671443458	0.5929925940887588	
1.6336336336336337	1.060023874719316e-06	0.5310089300706319	0.617144309773116	
1.6366366366366367	8.177162756188451e-07	0.5224021929969179	0.6412960254574731	
1.6396396396396395	5.75408676518392e-07	0.5137954559232046	0.6654477411418286	
1.6426426426426426	3.331010774179208e-07	0.5051887188494907	0.6895994568261857	
1.6456456456456456	9.079347831745005e-08	0.4965819817757767	0.7137511725105429	
1.6486486486486487	0.0	0.48797524470206277	0.7379028881949	
1.6516516516516517	0.0	0.4793685076283488	0.7628604170682233	
1.6546546546546546	0.0	0.47076177055463553	0.7879990387165285	
1.6576576576576576	0.0	0.46192003962774814	0.8131376603648356	
1.6606606606606606	0.0	0.45102531313932276	0.8382762820131427	
1.6636636636636637	0.0	0.4401305866508974	0.8634149036614498	
1.6666666666666667	0.0	0.42923586016247206	0.888553525309757	
1.6696696696696696	0.0	0.41834113367404746	0.9136921469580621	
1.6726726726726726	0.0	0.4074464071856221	0.9388307686063693	
1.6756756756756757	0.0	0.3965516806971967	0.9639693902546763	
1.6786786786786787	0.0	0.3856569542087714	0.9891400514002157	
1.6816816816816818	0.0	0.374762227720346	1.0149310346179141	
1.6846846846846846	0.0	0.36386750123192146	1.0407220178356107	
1.6876876876876876	0.0	0.35400174898507375	1.0665130010533093	
1.6906906906906907	0.0	0.34427380594319396	1.0923039842710078	
1.6936936936936937	0.0	0.3345458629013141	1.1180949674887062	
1.6966966966966968	0.0	0.3248179198594343	1.1438859507064048	
1.6996996996996996	0.0	0.3150899768175552	1.1696769339241013	
1.7027027027027026	0.0	0.3053620337756754	1.1954679171418	
1.7057057057057057	0.0	0.29563409073379554	1.2212589003594982	
1.7087087087087087	0.0	0.2859061476919157	1.2445549936786975	
1.7117117117117118	0.0	0.2761782046500359	1.261490108851848	
1.7147147147147146	0.0	0.2671993682803844	1.2784252240249974	
1.7177177177177176	0.0	0.2586045952947451	1.2953603391981479	
1.7207207207207207	0.0	0.25000982230910584	1.3122954543712984	
1.7237237237237237	0.0	0.2414150493234666	1.3292305695444488	
1.7267267267267268	0.0	0.23282027633782737	1.3461656847175996	
1.7297297297297298	0.0	0.22422550335218813	1.36310079989075	
1.7327327327327327	0.0	0.2156307303665495	1.3800359150638992	
1.7357357357357357	0.0	0.20703595738091027	1.39697103023705	
1.7387387387387387	0.0	0.19844118439527103	1.4116975515849375	
1.7417417417417418	0.0	0.19076867918173004	1.4243385504936406	
1.7447447447447448	0.0	0.18426876104616308	1.4369795494023436	
1.7477477477477477	0.0	0.17776884291059658	1.4496205483110458	
1.7507507507507507	0.0	0.17126892477502959	1.4622615472197489	
1.7537537537537538	0.0	0.16476900663946262	1.4749025461284522	
1.7567567567567568	0.0	0.15826908850389565	1.4875435450371552	
1.7597597597597598	0.0	0.15176917036832865	1.5001845439458583	
1.7627627627627627	0.0	0.14526925223276216	1.5128255428545605	
1.7657657657657657	1.1951034678125991e-08	0.1387693340971952	1.5254665417632636	
1.7687687687687688	4.965662328790716e-07	0.13272447660145775	1.53614059512196	
1.7717717717717718	9.811814310800172e-07	0.12829833373221267	1.546148251724916	
1.7747747747747749	1.465796629280963e-06	0.12387219086296758	1.5561559083278722	
1.7777777777777777	1.9504118274818726e-06	0.11944604799372283	1.5661635649308274	
1.7807807807807807	2.4350270256828183e-06	0.11501990512447774	1.5761712215337835	
1.7837837837837838	2.919642223883764e-06	0.11059376225523265	1.5861788781367396	
1.7867867867867868	3.4042574220847097e-06	0.10616761938598757	1.5961865347396957	
1.7897897897897899	3.8888726202856554e-06	0.10174147651674248	1.6061941913426518	
1.7927927927927927	4.373487818486565e-06	0.09731533364749771	1.6162018479456073	
1.7957957957957957	4.7374319516746915e-06	0.09288919077825263	1.6262095045485634	
1.7987987987987988	4.25281675347375e-06	0.08934375322474614	1.625742398160285	
1.8018018018018018	3.7682015552728077e-06	0.08579953456216735	1.6250565821514398	
1.8048048048048049	3.283586357071866e-06	0.08225531589958855	1.6243707661425946	
1.8078078078078077	2.79897115887096e-06	0.07871109723701003	1.6236849501337496	
1.8108108108108107	2.3143559606700176e-06	0.07516687857443123	1.6229991341249044	
1.8138138138138138	1.8297407624690757e-06	0.07162265991185245	1.6223133181160594	
1.8168168168168168	1.3451255642681338e-06	0.06807844124927365	1.6216275021072142	
1.8198198198198199	8.605103660671919e-07	0.06453422258669486	1.620941686098369	
1.8228228228228227	3.75895167866286e-07	0.060990003924116326	1.620255870089524	
1.8258258258258258	0.0	0.058659067058683595	1.6224658577691482	
1.8288288288288288	0.0	0.05667473759368405	1.6354294530583169	
1.8318318318318318	0.0	0.05469040812868451	1.6483930483474853	
1.834834834834835	0.0	0.052706078663684965	1.661356643636654	
1.8378378378378377	0.0	0.050721749198685565	1.6743202389258216	
1.8408408408408408	0.0	0.048737419733686026	1.6872838342149903	
1.8438438438438438	0.0	0.04675309026868648	1.700247429504159	
1.8468468468468469	0.0	0.04476876080368694	1.7132110247933277	
1.84984984984985	0.0	0.042784431338687395	1.7261746200824961	
1.8528528528528527	0.0	0.04100160195928931	1.7391382153716637	
1.8558558558558558	0.0	0.03937904372893662	1.7461628254530672	
1.8588588588588588	0.0	0.03775648549858393	1.745773320193689	
1.8618618618618619	0.0	0.03613392726823124	1.7453838149343106	
1.864864864864865	0.0	0.03451136903787855	1.7449943096749323	
1.867867867867868	0.0	0.032888810807525856	1.744604804415554	
1.8708708708708708	0.0	0.03126625257717329	1.7442152991561757	
1.8738738738738738	0.0	0.029643694346820598	1.7438257938967974	
1.8768768768768769	0.0	0.028021136116467907	1.743436288637419	
1.87987987987988	0.0	0.026578988702082938	1.7430467833780408	
1.882882882882883	0.0	0.025493105279662868	1.7426572781186624	
1.8858858858858858	0.0	0.024407221857242874	1.737491128992356	
1.8888888888888888	0.0	0.023321338434822803	1.7300499058162304	
1.8918918918918919	0.0	0.02223545501240273	1.7226086826401046	
1.894894894894895	0.0	0.02114957158998266	1.715167459463979	
1.897897897897898	0.0	0.020063688167562585	1.7077262362878531	
1.9009009009009008	0.0	0.018977804745142594	1.700285013111728	
1.9039039039039038	0.0	0.01789192132272252	1.6928437899356021	
1.906906906906907	0.0	0.016861829813371657	1.6854025667594765	
1.90990990990991	0.0	0.016259637380266742	1.6779613435833507	
1.912912912912913	0.0	0.01565744494716183	1.6705201204072249	
1.9159159159159158	0.0	0.015055252514056964	1.6687195364987333	
1.9189189189189189	0.0	0.01445306008095205	1.6674769430332277	
1.921921921921922	0.0	0.013850867647847138	1.6662343495677219	
1.924924924924925	0.0	0.013248675214742225	1.6649917561022163	
1.927927927927928	0.0	0.012646482781637313	1.6637491626367107	
1.9309309309309308	0.0	0.012044290348532445	1.662506569171205	
1.9339339339339339	0.0	0.01144209791542753	1.6612639757056993	
1.936936936936937	0.0	0.010971899465741022	1.6600213822401937	
1.93993993993994	0.0	0.010517264118893591	1.658778788774688	
1.942942942942943	0.0	0.010062628772046158	1.6562601465581794	
1.9459459459459458	1.5112901082384223e-07	0.00960799342519876	1.6460684905382166	
1.9489489489489489	3.9343660992431506e-07	0.00915335807835133	1.6358768345182528	
1.951951951951952	6.357442090247879e-07	0.008698722731503896	1.6256851784982893	
1.954954954954955	8.780518081252607e-07	0.008244087384656464	1.6154935224783258	
1.957957957957958	1.1203594072257336e-06	0.0077894520378090325	1.605301866458362	
1.9609609609609608	1.3626670063261884e-06	0.0073348166909616335	1.5951102104383992	
1.9639639639639639	1.6049746054266613e-06	0.007040620287359095	1.5849185544184357	
1.966966966966967	1.8472822045271341e-06	0.006824127265050784	1.574726898398472	
1.96996996996997	2.0895898036276068e-06	0.006607634242742475	1.5645352423785084	
1.972972972972973	2.3318974027280796e-06	0.006391141220434164	1.5556669326378474	
1.9759759759759759	2.2235624823525997e-06	0.00617464819812587	1.5490023303776645	
1.978978978978979	1.981254883252123e-06	0.005958155175817561	1.542337728117481	
1.981981981981982	1.7389472841516468e-06	0.00574166215350925	1.5356731258572978	
1.984984984984985	1.4966396850511704e-06	0.005525169131200941	1.5290085235971143	
1.987987987987988	1.254332085950694e-06	0.00530867610889263	1.5223439213369307	
1.990990990990991	1.0120244868502175e-06	0.005103536017912095	1.5156793190767475	
1.993993993993994	7.69716887749759e-07	0.004912110608713205	1.5090147168165644	
1.996996996996997	5.274092886492826e-07	0.004720685199514301	1.5023501145563811	
2.0	2.851016895488063e-07	0.004529259790315397	1.4956855122961976	
2.003003003003003	4.279409044834787e-08	0.004337834381116508	1.4844443404104781	
2.006006006006006	0.0	0.0041464089719175905	1.4702500996698917	
2.009009009009009	0.0	0.0039549835627187	1.4560558589293078	
2.012012012012012	0.0	0.003763558153519782	1.4418616181887214	
2.015015015015015	0.0	0.0035721327443208927	1.4276673774481372	
2.018018018018018	0.0	0.0033885081446123574	1.413473136707553	
2.021021021021021	0.0	0.0032306961257191867	1.3992788959669669	
2.024024024024024	0.0	0.0030728841068260395	1.3850846552263827	
2.027027027027027	0.0	0.002915072087932869	1.3708904144857963	
2.03003003003003	0.0	0.002757260069039722	1.3566961737452121	
2.033033033033033	0.0	0.0025994480501465747	1.3448716801021707	
2.036036036036036	0.0	0.002441636031253404	1.3334971706871563	
2.039039039039039	0.0	0.002283824012360257	1.3221226612721437	
2.042042042042042	0.0	0.0021260119934670865	1.3107481518571293	
2.045045045045045	0.0	0.0019695146505357554	1.2993736424421167	
2.048048048048048	0.0	0.0019284949199931294	1.2879991330271041	
2.051051051051051	0.0	0.0018874751894504974	1.27662462361209	
2.054054054054054	0.0	0.0018464554589078717	1.2652501141970771	
2.057057057057057	0.0	0.0018054357283652398	1.253875604782063	
2.06006006006006	0.0	0.001764415997822614	1.243028083932419	
2.063063063063063	0.0	0.0017233962672799882	1.238870175028612	
2.066066066066066	0.0	0.0016823765367373561	1.2347122661248042	
2.069069069069069	0.0	0.0016413568061947304	1.230554357220997	
2.0720720720720722	0.0	0.0016003370756520984	1.2263964483171892	
2.075075075075075	0.0	0.0015611186550162643	1.2222385394133821	
2.078078078078078	0.0	0.001522377798392677	1.218080630509575	
2.081081081081081	0.0	0.001483636941769084	1.2139227216057673	
2.084084084084084	0.0	0.0014448960851454968	1.2097648127019602	
2.0870870870870872	0.0	0.0014061552285219037	1.2056069037981525	
2.09009009009009	0.0	0.0013674143718983166	1.1990563957602016	
2.093093093093093	0.0	0.0013286735152747294	1.187070148023711	
2.096096096096096	0.0	0.0012899326586511364	1.1750839002872187	
2.099099099099099	0.0	0.001251191802027549	1.163097652550728	
2.1021021021021022	0.0	0.001223484741689506	1.1511114048142355	
2.105105105105105	0.0	0.0012041143133777123	1.139125157077745	
2.108108108108108	0.0	0.0011847438850659188	1.1271389093412543	
2.111111111111111	0.0	0.0011653734567541223	1.115152661604762	
2.114114114114114	0.0	0.0011460030284423286	1.1031664138682713	
2.1171171171171173	0.0	0.001126632600130532	1.0911801661317788	
2.12012012012012	0.0	0.0011072621718187386	1.0809624209925788	
2.123123123123123	0.0	0.001087891743506945	1.0722618771312196	
2.126126126126126	0.0	0.0010685213151951484	1.063561333269859	
2.129129129129129	0.0	0.001049945764337872	1.0548607894085	
2.1321321321321323	0.0	0.0010328542099451103	1.0461602455471395	
2.135135135135135	0.0	0.0010157626555523513	1.0374597016857803	
2.138138138138138	0.0	0.0009986711011595922	1.0287591578244213	
2.141141141141141	0.0	0.0009815795467668306	1.0200586139630607	
2.144144144144144	0.0	0.0009644879923740716	1.0113580701017015	
2.1471471471471473	0.0	0.0009473964379813099	1.0026575262403412	
2.15015015015015	0.0	0.0009303048835885509	0.9943014412032477	
2.153153153153153	0.0	0.0009132133291957919	0.9860477530689087	
2.156156156156156	0.0	0.0008969238431810794	0.9777940649345684	
2.159159159159159	0.0	0.0008860991920656653	0.9695403768002295	
2.1621621621621623	0.0	0.0008752745409502497	0.9612866886658893	
2.165165165165165	0.0	0.0008644498898348356	0.9530330005315503	
2.168168168168168	0.0	0.0008536252387194215	0.9447793123972114	
2.171171171171171	0.0	0.0008428005876040058	0.9365256242628711	
2.174174174174174	0.0	0.0008319759364885917	0.9282719361285321	
2.1771771771771773	0.0	0.000821151285373176	0.920038968527207	
2.18018018018018	0.0	0.000810326634257762	0.917776014658296	
2.1831831831831834	0.0	0.0007995019831423463	0.9155130607893844	
2.186186186186186	0.0	0.0007897109914875725	0.9132501069204734	
2.189189189189189	0.0	0.0007800257773316756	0.9109871530515622	
2.1921921921921923	0.0	0.0007703405631757774	0.9087241991826508	
2.195195195195195	0.0	0.0007606553490198807	0.9064612453137396	
2.1981981981981984	0.0	0.0007509701348639824	0.9041982914448282	
2.201201201201201	0.0	0.0007412849207080856	0.901935337575917	
2.204204204204204	0.0	0.0007315997065521888	0.899672383707006	
2.2072072072072073	0.0	0.0007219144923962906	0.8958022885333006	
2.21021021021021	0.0	0.0007122292782403937	0.8867313562351099	
2.2132132132132134	0.0	0.0006986338073466343	0.8776604239369178	
2.2162162162162162	0.0	0.0006832514083931531	0.868589491638727	
2.219219219219219	0.0	0.0006678690094396719	0.8595185593405363	
2.2222222222222223	0.0	0.0006524866104861885	0.8504476270423442	
2.225225225225225	0.0	0.0006371042115327072	0.8413766947441534	
2.2282282282282284	0.0	0.0006217218125792237	0.8323057624459614	
2.2312312312312312	0.0	0.0006063394136257426	0.8232348301477707	
2.234234234234234	0.0	0.0005909570146722615	0.81416389784958	
2.2372372372372373	0.0	0.000575574615718778	0.8037467865490752	
2.24024024024024	0.0	0.0005575400005927717	0.791803551663313	
2.2432432432432434	0.0	0.0005364604168416965	0.779860316777549	
2.2462462462462462	0.0	0.0005153808330906242	0.7679170818917868	
2.249249249249249	0.0	0.0004943012493395521	0.7559738470060245	
2.2522522522522523	0.0	0.00047322166558847676	0.7440306121202606	
2.255255255255255	0.0	0.0004521420818374046	0.7320873772344985	
2.2582582582582584	0.0	0.0004310624980863293	0.7201441423487345	
2.2612612612612613	0.0	0.0004099829143352571	0.7082009074629723	
2.264264264264264	0.0	0.00038890333058418493	0.69625767257721	
2.2672672672672673	0.0	0.00037019384536532613	0.6869940280509081	
2.27027027027027	0.0	0.00035879947577015345	0.6788717680715733	
2.2732732732732734	1.7493614977880263e-07	0.00034740510617497903	0.6707495080922373	
2.2762762762762763	4.172437488792557e-07	0.00033601073657980635	0.6626272481129025	
2.279279279279279	6.595513479797088e-07	0.0003246163669846336	0.6545049881335677	
2.2822822822822824	9.018589470801977e-07	0.0003132219973894592	0.6463827281542318	
2.285285285285285	1.1441665461806507e-06	0.0003018276277942865	0.638260468174897	
2.2882882882882885	1.3864741452811397e-06	0.0002904332581991121	0.630138208195561	
2.2912912912912913	1.6287817443815928e-06	0.00027903888860393935	0.6220159482162262	
2.294294294294294	1.8710893434820458e-06	0.00026799847011756665	0.6138936882368914	
2.2972972972972974	2.1133969425825347e-06	0.000271416780996119	0.6139704494989878	
2.3003003003003	2.3557045416829877e-06	0.00027483509187467076	0.6146275902740148	
2.3033033033033035	2.199755343397624e-06	0.0002782534027532231	0.6152847310490419	
2.3063063063063063	1.957447744297171e-06	0.00028167171363177487	0.6159418718240689	
2.309309309309309	1.715140145196718e-06	0.0002850900245103267	0.6165990125990959	
2.3123123123123124	1.472832546096229e-06	0.00028850833538887903	0.617256153374123	
2.315315315315315	1.230524946995776e-06	0.0002919266462674308	0.61791329414915	
2.3183183183183185	9.882173478952872e-07	0.00029534495714598314	0.6185704349241771	
2.3213213213213213	7.45909748794834e-07	0.000298763268024535	0.6192275756992041	
2.324324324324324	5.036021496943809e-07	0.00030401169061272426	0.6186353961706711	
2.3273273273273274	2.6129455059389193e-07	0.00030970887541031147	0.611789184096298	
2.33033033033033	1.898695149343898e-08	0.0003154060602078978	0.6049429720219259	
2.3333333333333335	0.0	0.000321103245005485	0.5980967599475528	
2.3363363363363363	0.0	0.00032680042980307136	0.5912505478731807	
2.339339339339339	0.0	0.00033249761460065776	0.5844043357988086	
2.3423423423423424	0.0	0.0003381947993982449	0.5775581237244355	
2.3453453453453452	0.0	0.0003438919841958313	0.5707119116500634	
2.3483483483483485	0.0	0.0003495891689934185	0.5638656995756903	
2.3513513513513513	0.0	0.00034566636153561574	0.5570194875013182	
2.354354354354354	0.0	0.00033484171042020167	0.5502209611669076	
2.3573573573573574	0.0	0.000324017059304786	0.5434942292334493	
2.3603603603603602	5.205297420720711e-09	0.0003131924081893719	0.5367674972999918	
2.3633633633633635	2.475128965212096e-07	0.0003023677570739562	0.5300407653665336	
2.3663663663663663	4.898204956216626e-07	0.00029154310595854214	0.5233140334330761	
2.369369369369369	7.321280947221158e-07	0.00028071845484312806	0.5165873014996188	
2.3723723723723724	9.744356938226047e-07	0.00026989380372771237	0.5098605695661604	
2.3753753753753752	1.2167432929230578e-06	0.0002590691526122983	0.5031338376327031	
2.3783783783783785	1.4590508920235465e-06	0.0002511273788976654	0.4964071056992448	
2.3813813813813813	1.7013584911239997e-06	0.00024827878649887297	0.48968037376578744	
2.384384384384384	1.943666090224453e-06	0.0002454301941000806	0.4827317369694542	
2.3873873873873874	2.185973689324942e-06	0.00024258160170128777	0.475653733421707	
2.3903903903903903	2.3988837420905505e-06	0.00023973300930249538	0.4685757298739609	
2.3933933933933935	2.3988837420905505e-06	0.00023688441690370256	0.4614977263262138	
2.3963963963963963	2.3988837420905505e-06	0.00023403582450491015	0.45441972277846765	
2.399399399399399	2.3988837420905505e-06	0.00023118723210611777	0.4473417192307215	
2.4024024024024024	2.3988837420905505e-06	0.00022833863970732495	0.44026371568297434	
2.4054054054054053	2.3988837420905505e-06	0.00022476900548826353	0.4331857121352282	
2.4084084084084085	2.3988837420905505e-06	0.0002167929467716404	0.42610770858748104	
2.4114114114114114	2.3988837420905505e-06	0.00020881688805501848	0.4190297050397349	
2.414414414414414	2.3988837420905505e-06	0.00020084082933839652	0.41106357992999265	
2.4174174174174174	2.3988837420905505e-06	0.0001928647706217734	0.4029580471703858	
2.4204204204204203	2.4524735373395186e-06	0.00018488871190515147	0.3948525144107802	
2.4234234234234235	2.6947811364400076e-06	0.00017691265318852835	0.3867469816511733	
2.4264264264264264	2.9370887355404605e-06	0.0001689365944719064	0.3786414488915677	
2.429429429429429	3.1793963346409135e-06	0.00016096053575528446	0.3705359161319621	
2.4324324324324325	3.4217039337414024e-06	0.00015298447703866134	0.3624303833723552	
2.4354354354354353	3.6640115328418558e-06	0.00015286887103752882	0.3543248506127496	
2.4384384384384385	3.906319131942345e-06	0.00015343858951728754	0.34621931785314275	
2.4414414414414414	4.148626731042797e-06	0.00015400830799704618	0.3382926098257724	
2.4444444444444446	4.390934330143287e-06	0.0001545780264768049	0.332031850441878	
2.4474474474474475	4.6332419292437396e-06	0.00015514774495656352	0.3257710910579845	
2.4504504504504503	4.719985440018009e-06	0.00015571746343632215	0.319510331674091	
2.4534534534534536	4.47767784091752e-06	0.00015628718191608088	0.31324957229019657	
2.4564564564564564	4.2353702418170675e-06	0.00015685690039583952	0.30698881290630303	
2.4594594594594597	3.993062642716579e-06	0.00015742661887559824	0.3007280535224086	
2.4624624624624625	3.7507550436161252e-06	0.00015560698060836477	0.29446729413851513	
2.4654654654654653	3.508447444515672e-06	0.0001527583882095716	0.2882065347546216	
2.4684684684684686	3.266139845415183e-06	0.000149909795810778	0.2819457753707272	
2.4714714714714714	3.0238322463147304e-06	0.00014706120341198483	0.2755920933060914	
2.4744744744744747	2.781524647214241e-06	0.00014421261101319122	0.2690493607896399	
2.4774774774774775	2.539217048113788e-06	0.00014136401861439805	0.2625066282731894	
2.4804804804804803	2.3988837420905505e-06	0.00013851542621560488	0.25596389575673884	
2.4834834834834836	2.3988837420905505e-06	0.00013566683381681128	0.24942116324028732	
2.4864864864864864	2.3988837420905505e-06	0.0001328182414180181	0.24287843072383677	
2.4894894894894897	2.3988837420905505e-06	0.0001296972269512597	0.23633569820738526	
2.4924924924924925	2.3988837420905505e-06	0.00012627891607270788	0.22979296569093474	
2.4954954954954953	2.3988837420905505e-06	0.00012286060519415607	0.2232502331744842	
2.4984984984984986	2.3988837420905505e-06	0.00011944229431560375	0.21670750065803268	
2.5015015015015014	2.3988837420905505e-06	0.00011602398343705192	0.2113536084977573	
2.5045045045045047	2.3988837420905505e-06	0.0001126056725584996	0.20692567447548413	
2.5075075075075075	2.3988837420905505e-06	0.00010918736167994779	0.20249774045321162	
2.5105105105105103	2.903549910055917e-06	0.00010576905080139596	0.19806980643093913	
2.5135135135135136	3.872780306457891e-06	0.00010235073992284365	0.19364187240866595	
2.5165165165165164	4.842010702859721e-06	9.893242904429183e-05	0.18921393838639344	
2.5195195195195197	5.811241099261695e-06	9.551411816573952e-05	0.1847860043641203	
2.5225225225225225	6.780471495663526e-06	9.20958072871877e-05	0.18035807034184775	
2.5255255255255253	7.749701892065355e-06	8.867749640863588e-05	0.17593013631957527	
2.5285285285285286	8.718932288467329e-06	8.525918553008357e-05	0.1715022022973021	
2.5315315315315314	9.68816268486916e-06	8.184087465153176e-05	0.16671342701481578	
2.5345345345345347	1.0657393081271134e-05	7.842256377297943e-05	0.16183146845706875	
2.5375375375375375	1.1626623477672964e-05	7.500425289442762e-05	0.15694950989932246	
2.5405405405405403	1.1543342337736524e-05	7.158594201587581e-05	0.15206755134157615	
2.5435435435435436	1.0816419540435029e-05	6.823007300201436e-05	0.14718559278382914	
2.5465465465465464	1.0089496743133641e-05	6.652091756273844e-05	0.14230363422608283	
2.5495495495495497	9.362573945832144e-06	6.48117621234623e-05	0.1374216756683358	
2.5525525525525525	8.635651148530756e-06	6.310260668418639e-05	0.13253971711058948	
2.5555555555555554	7.908728351229368e-06	6.139345124491047e-05	0.1276577585528432	
2.5585585585585586	7.181805553927873e-06	5.9684295805634314e-05	0.12281170668142875	
2.5615615615615615	6.4548827566264846e-06	5.797514036635841e-05	0.11924164007091849	
2.5645645645645647	5.727959959324989e-06	5.6265984927082246e-05	0.1156715734604077	
2.5675675675675675	5.0010371620236e-06	5.455682948780634e-05	0.11210150684989743	
2.5705705705705704	4.797767484181101e-06	5.284767404853043e-05	0.10853144023938716	
2.5735735735735736	4.797767484181101e-06	5.0673790231132654e-05	0.10496137362887636	
2.5765765765765765	4.797767484181101e-06	4.839491631209822e-05	0.1013913070183661	
2.5795795795795797	4.797767484181101e-06	4.611604239306345e-05	0.09782124040785531	
2.5825825825825826	4.797767484181101e-06	4.383716847402902e-05	0.09425117379734504	
2.5855855855855854	4.797767484181101e-06	4.155829455499458e-05	0.09068110718683478	
2.5885885885885886	4.797767484181101e-06	3.927942063595981e-05	0.08716011900173858	
2.5915915915915915	4.797767484181101e-06	3.700054671692538e-05	0.08377883101387243	
2.5945945945945947	4.797767484181101e-06	3.472167279789061e-05	0.08039754302600578	
2.5975975975975976	4.797767484181101e-06	3.244279887885617e-05	0.07701625503813964	
2.6006006006006004	4.996510772914847e-06	3.21974708893481e-05	0.07363496705027349	
2.6036036036036037	5.238818372015336e-06	3.333690784886546e-05	0.07025367906240683	
2.6066066066066065	5.481125971115789e-06	3.447634480838266e-05	0.06687239107454068	
2.6096096096096097	5.723433570216278e-06	3.5615781767900026e-05	0.06349110308667404	
2.6126126126126126	5.965741169316731e-06	3.6755218727417224e-05	0.06010981509880789	
2.6156156156156154	6.208048768417184e-06	3.789465568693442e-05	0.056728527110941736	
2.6186186186186187	6.450356367517673e-06	3.903409264645179e-05	0.05397462701769782	
2.6216216216216215	6.692663966618126e-06	4.017352960596899e-05	0.05186699733197489	
2.6246246246246248	6.934971565718615e-06	4.1312966565486354e-05	0.04975936764625165	
2.6276276276276276	7.177279164819068e-06	4.138680219973342e-05	0.047651737960528726	
2.6306306306306304	6.7507801509759116e-06	3.9677646760457513e-05	0.045544108274805796	
2.6336336336336337	6.266164952774934e-06	3.796849132118136e-05	0.043436478589082554	
2.6366366366366365	5.781549754574027e-06	3.6259335881905445e-05	0.041328848903359625	
2.6396396396396398	5.29693455637305e-06	3.455018044262929e-05	0.03922121921763638	
2.6426426426426426	4.812319358172144e-06	3.2841025003353384e-05	0.03711358953191346	
2.6456456456456454	4.327704159971237e-06	3.113186956407747e-05	0.03500595984619053	
2.6486486486486487	3.843088961770259e-06	2.9422714124801316e-05	0.03317386604215209	
2.6516516516516515	3.3584737635693534e-06	2.771355868552541e-05	0.0314461832045357	
2.6546546546546548	2.8738585653683755e-06	2.617903566328955e-05	0.029718500366919063	
2.6576576576576576	2.3988837420905505e-06	2.5609317183530913e-05	0.027990817529302676	
2.6606606606606604	2.3988837420905505e-06	2.5039598703772277e-05	0.02626313469168629	
2.6636636636636637	2.3988837420905505e-06	2.4469880224013556e-05	0.024535451854069648	
2.6666666666666665	2.3988837420905505e-06	2.390016174425492e-05	0.02280776901645326	
2.66966966966967	2.3988837420905505e-06	2.3330443264496203e-05	0.021080086178836617	
2.6726726726726726	2.3988837420905505e-06	2.2760724784737566e-05	0.01935240334122023	
2.6756756756756754	2.3988837420905505e-06	2.219100630497893e-05	0.017624720503603843	
2.6786786786786787	2.3988837420905505e-06	2.162128782522021e-05	0.016787370038005553	
2.6816816816816815	2.3988837420905505e-06	2.1051569345461573e-05	0.015989242696700007	
2.684684684684685	2.3988837420905505e-06	2.0481850865702852e-05	0.015191115355394342	
2.6876876876876876	2.398883742090551e-06	1.9912132385944216e-05	0.014392988014088795	
2.6906906906906904	2.3988837420905547e-06	1.9342413906185583e-05	0.013594860672783248	
2.6936936936936937	2.398883742090558e-06	1.8772695426426862e-05	0.012796733331477583	
2.6966966966966965	2.398883742090562e-06	1.8202976946668226e-05	0.011998605990172035	
2.6996996996997	2.3988837420905653e-06	1.763325846690951e-05	0.01120047864886637	
2.7027027027027026	2.398883742090569e-06	1.7063539987150872e-05	0.010402351307560823	
2.705705705705706	2.398883742090573e-06	1.6493821507392155e-05	0.009683850967795744	
2.7087087087087087	2.3988837420905763e-06	1.592410302763352e-05	0.009303904119689229	
2.7117117117117115	2.39888374209058e-06	1.4543531397453003e-05	0.008923957271582714	
2.714714714714715	2.3988837420905835e-06	1.2834375958176842e-05	0.008544010423476144	
2.7177177177177176	2.5584977979599523e-06	1.1125220518900936e-05	0.00816406357536963	
2.720720720720721	3.2854205952614263e-06	9.416065079624775e-06	0.0077841167272630594	
2.7237237237237237	4.012343392562793e-06	7.706909640348868e-06	0.007404169879156545	
2.7267267267267266	4.739266189864159e-06	5.99775420107296e-06	0.00702422303105003	
2.72972972972973	5.466188987165633e-06	4.2885987617968005e-06	0.00664427618294346	
2.7327327327327327	6.193111784466999e-06	2.5794433225208936e-06	0.006264329334836945	
2.735735735735736	6.920034581768474e-06	8.702878832447325e-07	0.005915718946112552	
2.7387387387387387	7.646957379069842e-06	5.592450373541169e-07	0.005609849785372717	
2.7417417417417416	8.373880176371206e-06	1.6986819968713884e-06	0.005303980624632882	
2.744744744744745	9.100802973672682e-06	2.8381189563888285e-06	0.004998111463893001	
2.7477477477477477	9.36334416575036e-06	3.9775559159061e-06	0.004692242303153165	
2.750750750750751	8.636421368448891e-06	5.116992875423539e-06	0.004386373142413285	
2.7537537537537538	7.909498571147534e-06	6.256429834940811e-06	0.004080503981673449	
2.7567567567567566	7.182575773846174e-06	7.3958667944580824e-06	0.003774634820933614	
2.75975975975976	6.455652976544707e-06	8.535303753975522e-06	0.0034687656601937334	
2.7627627627627627	5.728730179243348e-06	9.674740713492794e-06	0.003162896499453898	
2.765765765765766	5.001807381941881e-06	1.0352722286580704e-05	0.0029290953372128527	
2.7687687687687688	4.2748845846405216e-06	9.783003806822077e-06	0.0027331479061138975	
2.7717717717717716	3.5479617873391623e-06	9.21328532706345e-06	0.002537200475014942	
2.774774774774775	2.8210389900376955e-06	8.64356684730474e-06	0.002341253043915958	
2.7777777777777777	2.906829657680907e-06	8.073848367546114e-06	0.002145305612817002	
2.780780780780781	4.118367653183351e-06	7.504129887787403e-06	0.001949358181718018	
2.7837837837837838	5.329905648685617e-06	6.934411408028776e-06	0.0017534107506190627	
2.7867867867867866	6.541443644187881e-06	6.364692928270149e-06	0.0015574633195201075	
2.78978978978979	7.752981639690327e-06	5.7949744485114386e-06	0.0013615158884211231	
2.7927927927927927	8.964519635192591e-06	5.175698081990759e-06	0.0011655684573221678	
2.795795795795796	1.0176057630695037e-05	3.5981394110109985e-06	0.0010906056757286594	
2.798798798798799	1.1387595626197301e-05	2.0205807400314717e-06	0.0010308656052716574	
2.8018018018018016	1.2599133621699567e-05	4.430220690519453e-07	0.0009711255348146558	
2.804804804804805	1.3810671617202011e-05	0.0	0.0009113854643576451	
2.8078078078078077	1.4644865316607692e-05	0.0	0.0008516453939006434	
2.810810810810811	1.512948051480867e-05	0.0	0.0007919053234436327	
2.813813813813814	1.5614095713009577e-05	0.0	0.000732165252986631	
2.8168168168168166	1.6098710911210482e-05	0.0	0.0006724251825296293	
2.81981981981982	1.658332610941146e-05	0.0	0.0006126851120726186	
2.8228228228228227	1.7067941307612366e-05	0.0	0.0005575654733504181	
2.825825825825826	1.7552556505813346e-05	0.0	0.0005360590479858952	
2.828828828828829	1.803717170401425e-05	0.0	0.0005145526226213755	
2.8318318318318316	1.8521786902215156e-05	0.0	0.0004930461972568558	
2.834834834834835	1.9006402100416136e-05	0.0	0.00047153977189233297	
2.8378378378378377	1.8891122574831767e-05	0.0	0.0004500333465278133	
2.840840840840841	1.8406507376630787e-05	0.0	0.00042852692116329043	
2.843843843843844	1.7921892178429882e-05	0.0	0.00040702049579877076	
2.8468468468468466	1.7437276980228977e-05	0.0	0.0003855140704342511	
2.84984984984985	1.6952661782027998e-05	0.0	0.0003640076450697283	
2.8528528528528527	1.6468046583827093e-05	0.0	0.00034503507692873144	
2.855855855855856	1.5983431385626113e-05	0.0	0.00033069746001904957	
2.858858858858859	1.5498816187425208e-05	0.0	0.00031635984310936975	
2.8618618618618616	1.5014200989224301e-05	0.0	0.00030202222619969	
2.864864864864865	1.4529585791023323e-05	0.0	0.00028768460929000806	
2.8678678678678677	1.4567468382403744e-05	0.0	0.0002733469923803283	
2.870870870870871	1.4809775981504234e-05	0.0	0.00025900937547064637	
2.873873873873874	1.5052083580604686e-05	0.0	0.0002446717585609666	
2.8768768768768767	1.529439117970514e-05	0.0	0.00023033414165128684	
2.87987987987988	1.553669877880563e-05	0.0	0.00021599652474160491	
2.8828828828828827	1.5779006377906083e-05	0.0	0.00020165890783192513	
2.885885885885886	1.6021313977006573e-05	0.0	0.00018732129092224322	
2.888888888888889	1.6263621576107025e-05	0.0	0.00017298367401256346	
2.8918918918918917	1.6505929175207478e-05	0.0	0.00015864605710288367	
2.894894894894895	1.6748236774307967e-05	0.0	0.00014430844019320177	
2.8978978978978978	1.9172484339928704e-05	0.0	0.00012997082328352198	
2.900900900900901	2.208017552913464e-05	0.0	0.00011563320637384008	
2.903903903903904	2.4987866718340144e-05	0.0	0.00010129558946416029	
2.9069069069069067	2.7895557907545652e-05	0.0	8.69579725544805e-05	
2.90990990990991	3.0803249096751584e-05	0.0	7.26203556447986e-05	
2.9129129129129128	3.371094028595709e-05	0.0	6.610795176180993e-05	
2.915915915915916	3.661863147516303e-05	0.0	6.132874612524933e-05	
2.918918918918919	3.952632266436853e-05	0.0	5.654954048868944e-05	
2.9219219219219217	4.243401385357404e-05	0.0	5.1770334852129546e-05	
2.924924924924925	4.5341705042779975e-05	0.0	4.699112921556895e-05	
2.9279279279279278	4.491113981665499e-05	0.0	4.2211923579009054e-05	
2.930930930930931	4.4184217019353445e-05	0.0	3.7432717942448456e-05	
2.933933933933934	4.345729422205201e-05	0.0	3.265351230588856e-05	
2.9369369369369367	4.273037142475057e-05	0.0	2.787430666932867e-05	
2.93993993993994	4.2003448627449024e-05	0.0	2.346272862119422e-05	
2.942942942942943	4.127652583014759e-05	0.0	2.5852331439474183e-05	
2.945945945945946	4.054960303284604e-05	0.0	2.82419342577545e-05	
2.948948948948949	3.98226802355446e-05	0.0	3.063153707603446e-05	
2.951951951951952	3.909575743824306e-05	0.0	3.302113989431478e-05	
2.954954954954955	3.841318541596558e-05	0.0	3.541074271259474e-05	
2.957957957957958	4.010933860966875e-05	0.0	3.780034553087471e-05	
2.960960960960961	4.180549180337217e-05	0.0	4.018994834915503e-05	
2.963963963963964	4.3501644997075344e-05	0.0	4.257955116743499e-05	
2.966966966966967	4.5197798190778766e-05	0.0	4.49691539857153e-05	
2.96996996996997	4.689395138448194e-05	0.0	4.2700763696929515e-05	
2.972972972972973	4.859010457818511e-05	0.0	2.8682633912114143e-05	
2.975975975975976	5.028625777188853e-05	0.0	1.4664504127296705e-05	
2.978978978978979	5.19824109655917e-05	0.0	6.463743424813296e-07	
2.981981981981982	5.367856415929512e-05	0.0	0.0	
2.984984984984985	5.321680448491885e-05	0.0	0.0	
2.987987987987988	3.6647937797807566e-05	0.0	0.0	
2.990990990990991	2.0079071110693846e-05	0.0	0.0	
2.993993993993994	3.510204423582566e-06	0.0	0.0	
2.996996996996997	0.0	0.0	0.0	
3.0	0.0	0.0	0.0	
