0.0	0.0	0.0	0.0	0.0	0.0	0.0	0.0	
0.003003003003003003	0.0	0.0	0.0	0.0	0.0	0.0	0.0	
0.006006006006006006	0.0	0.0	0.0	0.0	0.0	0.0	0.0	
0.009009009009009009	0.0	0.0	0.0	0.0	0.0	0.0	0.0	
0.012012012012012012	0.0	0.0	0.0	0.0	0.0	0.0	0.0	
0.015015015015015015	0.0	0.0	0.0	0.0	0.0	0.0	0.0	
0.018018018018018018	0.0	0.0	0.0	0.0	0.0	0.0	0.0	
0.02102102102102102	0.000124974713599812	0.0	0.0	0.0	0.0	0.0	0.0	
0.024024024024024024	0.00046943638905644146	0.0	0.0	0.0	0.0	0.0	0.0	
0.02702702702702703	0.000813898064513071	0.0	0.0	0.0	0.0	0.0	0.0	
0.03003003003003003	0.0011540634719650325	0.0	0.0	0.0	0.0	0.0	0.0	
0.03303303303303303	0.0013675879286853005	0.0	0.0	0.0	0.0	0.0	0.0	
0.036036036036036036	0.001581112385405569	0.0	0.0	0.0	0.0	0.0	0.0	
0.03903903903903904	0.0027825319821890336	0.0	0.0	0.0	0.0	0.0	0.0	
0.04204204204204204	0.004348377998137666	0.0	0.0	0.0	0.0	0.0	0.0	
0.04504504504504504	0.006523799593559773	9.559205094750286e-06	0.0	0.0	0.0	0.0	0.0	
0.04804804804804805	0.009513141987643532	6.874506555850416e-05	0.0	0.0	0.0	0.0	0.0	
0.05105105105105105	0.012448705920378958	0.00012793092602225804	0.0	0.0	0.0	0.0	0.0	
0.05405405405405406	0.01501099940102219	0.0001871167864860119	0.0	0.0	0.0	0.0	0.0	
0.057057057057057055	0.017573292881665415	0.00011146732894308304	0.0	0.0	0.0	0.0	0.0	
0.06006006006006006	0.015445810865039713	8.496326742857225e-06	0.0	0.0	0.0	0.0	0.0	
0.06306306306306306	0.012314118833142436	9.447467545736845e-05	0.0	0.0	0.0	0.0	0.0	
0.06606606606606606	0.01029562155025248	0.0001974456776575944	0.0	0.0	0.0	0.0	0.0	
0.06906906906906907	0.009299174085557893	0.00030041667985782056	0.0	0.0	0.0	0.0	0.0	
0.07207207207207207	0.008817222676055989	0.0003757581279497098	0.0	0.0	0.0	0.0	0.0	
0.07507507507507508	0.010169544235284357	0.00016981612354925748	0.0	0.0	0.0	0.0	0.0	
0.07807807807807808	0.011521865794512726	1.8062940425597392e-05	0.0	0.0	0.0	0.0	0.0	
0.08108108108108109	0.012874187353741094	0.00012103394262582331	0.0	0.0	0.0	0.0	0.0	
0.08408408408408408	0.014226508912969456	0.00017017288586255224	0.0	0.0	0.0	0.0	0.0	
0.08708708708708708	0.01732819864393707	6.720188366232609e-05	0.0	0.0	0.0	0.0	0.0	
0.09009009009009009	0.021527512959435686	3.576911853790001e-05	0.0	0.0	0.0	0.0	0.0	
0.09309309309309309	0.027459870447407685	0.00013874012073812592	0.0	0.0	0.0	0.0	0.0	
0.0960960960960961	0.037210820637633285	0.00019708891534430054	0.0	0.0	0.0	0.0	0.0	
0.0990990990990991	0.04701448083752737	0.00019708891534430054	4.650438671273059e-05	0.0	0.0	0.0	0.0	
0.1021021021021021	0.06210354244575969	0.00035751480529490977	0.0001049581999361644	0.0	0.0	0.0	0.0	
0.10510510510510511	0.077192604053992	0.0006664278118955874	0.00016341201315959823	0.0	0.0	0.0	0.0	
0.10810810810810811	0.0772234524931621	0.00091301243278991	0.0001478977580385064	0.0	0.0	0.0	4.699309610477461e-06	
0.1111111111111111	0.07103124324827435	0.0011189544371903604	4.7476880927676445e-05	0.0	0.0	0.0	1.696257538542632e-05	
0.11411411411411411	0.0688775040853407	0.0007554446434907673	0.0	2.06407188242546e-05	0.0	0.0	2.9225841160375242e-05	
0.11711711711711711	0.07264976948739878	0.00013761863028941305	0.0	7.099813871150478e-05	2.9182544105664603e-05	0.0	4.060150580637614e-05	
0.12012012012012012	0.07842326488080388	0.00016006912763731447	0.0	0.00012135555859875495	6.35771315259163e-05	0.0	3.618120894853177e-05	
0.12312312312312312	0.1016262558444064	0.00036601113203776686	0.0	0.0001617359473724053	9.797171894616801e-05	0.0	3.1760912090687395e-05	
0.12612612612612611	0.12482924680800882	0.0006608407893130266	0.000130650217116817	8.719994497580808e-05	9.650641956566059e-05	0.0	2.7340615232843043e-05	
0.12912912912912913	0.17521629109715034	0.0009697537959137059	0.00033149197133847927	1.2663942579210183e-05	6.173528418498124e-05	0.0	2.292031837499865e-05	
0.13213213213213212	0.2323696706792753	0.0011809260605834212	0.00024627106657599916	0.0	2.6964148804302235e-05	0.0	1.85000215171543e-05	
0.13513513513513514	0.24259104413788107	0.0013723767498363278	4.5429312354335906e-05	0.0	0.0	0.0	1.4079724659309906e-05	
0.13813813813813813	0.205580138306368	0.00116643474543588	0.0	4.325385638603923e-05	0.0	0.0	9.659427801465554e-06	
0.14114114114114115	0.1779631182018439	0.0009604927410354294	0.0	0.00011778985878263713	0.0	0.0	5.239130943621162e-06	
0.14414414414414414	0.18885286549457755	0.0007545507366349754	8.389677712128927e-05	0.00014305455526985146	0.0	0.0	8.188340857768101e-07	
0.14714714714714713	0.1997426127873112	0.0006552537667304674	0.00018431765423211998	6.851855287325426e-05	0.0	2.039854045933563e-05	1.0804388316202632e-05	
0.15015015015015015	0.22507349677606014	0.0009641667733311459	0.00019465119803403446	6.017449523343647e-06	0.0	5.571964640708233e-05	2.4065278889735816e-05	
0.15315315315315314	0.2521199279606278	0.0012127155880211418	0.000194651198034034	8.055345191994085e-05	0.0	9.10407523548287e-05	3.732616946326888e-05	
0.15615615615615616	0.3226573534624043	0.0013156865902213715	0.00019465119803403443	0.00015508945431653875	0.0	0.00010854289925179437	5.058706003680206e-05	
0.15915915915915915	0.4232273725776503	0.001535763147456073	0.0001946511980340349	0.00016769020822454317	0.0	7.187316671522433e-05	6.384795061033512e-05	
0.16216216216216217	0.5050024301997221	0.0019476471562569764	0.0001946511980340349	0.00016769020822454347	0.0	3.520343417865392e-05	7.710884118386831e-05	
0.16516516516516516	0.5405898396531001	0.0022637546169225887	0.00019465119803403487	0.00012437316316729797	0.0	0.0	9.036973175740137e-05	
0.16816816816816815	0.576177249106478	0.0024696966213230394	0.00019465119803403438	4.9837160770700156e-05	0.0	0.0	0.00010363062233093442	
0.17117117117117117	0.6555273277831759	0.0030728281675900574	0.00019465119803403397	0.0	0.0	0.0	0.00011689151290446761	
0.17417417417417416	0.7354566494154628	0.003999567187392084	0.00019465119803403397	0.0	0.0	0.0	0.00011486764670547817	
0.17717717717717718	0.8753230750542508	0.004663928398474334	0.00033898585798757723	0.0	0.0	0.0	0.00010160675613194502	
0.18018018018018017	1.0427974239418472	0.00517878340947546	0.001041931997763393	0.0	0.0	0.0	8.834586555841198e-05	
0.1831831831831832	1.2351994769334183	0.00651256137407368	0.0014767802043007437	0.0	0.0	0.0	7.508497498487883e-05	
0.18618618618618618	1.4678699599396032	0.008160097409277305	0.0011755175729682439	0.0	0.0	0.0	6.182408441134579e-05	
0.1891891891891892	1.6960504593810293	0.00939113029301967	0.0009402556406586948	0.0	0.0	0.0	4.856319383781264e-05	
0.1921921921921922	1.8726351850886904	0.010523811317222131	0.0008398347635478651	0.0	0.0	0.0	3.5302303264279596e-05	
0.19519519519519518	2.0492199107963516	0.013683874167089412	0.0009745593206316402	0.0	0.0	0.0	2.2041412690746568e-05	
0.1981981981981982	2.379365136230744	0.017081917239696875	0.0014766637061857978	0.0	0.0	0.0	8.780522117213404e-06	
0.2012012012012012	2.753388809585746	0.026338355199768387	0.0021602939392868607	0.0	0.0	0.0	0.0	
0.2042042042042042	3.05898524608846	0.035260938208058	0.003064081833284345	0.0	5.805267565931644e-06	0.0	0.0	
0.2072072072072072	3.289093435614002	0.03793818426526378	0.0029364293657947226	0.0	4.0576402946610756e-05	0.0	0.0	
0.21021021021021022	3.550102058134341	0.04163865930305054	0.0018317997175755717	0.0	7.53475383272902e-05	0.0	0.0	
0.2132132132132132	3.95864551865912	0.05100902050327103	0.0025755724457398625	6.206162583100608e-05	0.00011011867370796931	0.0	0.0	
0.21621621621621623	4.3671889791839025	0.06190427625260405	0.00468441086506732	0.0001365976282276043	8.417814313022793e-05	0.0	0.0	
0.21921921921921922	4.942533477765822	0.0776588395892385	0.006665343023495545	0.0001676902082245429	4.940700774954872e-05	0.0	0.0	
0.2222222222222222	5.542608375968681	0.09050341279455601	0.008573339688601328	0.0001676902082245429	1.463587236886951e-05	0.0	0.0	
0.22522522522522523	5.726377888450824	0.09729949893977119	0.010341048980432635	0.0001676902082245429	0.0	0.0	0.0	
0.22822822822822822	5.594277424559885	0.1068451664315165	0.012048203891316727	0.0001676902082245429	0.0	0.0	0.0	
0.23123123123123124	5.5223728765121685	0.12033436771974593	0.012915682131127352	0.00016148319268757976	0.0	0.0	0.0	
0.23423423423423423	5.616323637469086	0.13525589054312992	0.01351820739379233	8.694719029098255e-05	0.0	0.0	0.0	
0.23723723723723725	5.710274398426005	0.1516282798929659	0.013708108661394923	1.2411187894384662e-05	0.0	0.0	0.0	
0.24024024024024024	5.551319518181609	0.16205993371266073	0.013808529538505821	0.00012424962900442512	0.0	0.0	0.0	
0.24324324324324323	5.382919896648224	0.16823819384467464	0.016126834295619494	0.0002733216337976195	0.0	0.0	0.0	
0.24624624624624625	5.662222348955607	0.19438600438621448	0.018737777100501046	0.0002918738053782212	0.0	0.0	0.0	
0.24924924924924924	6.170410555949835	0.23042585515629366	0.02486023862672912	0.00021733780298162432	0.0	0.0	0.0	
0.25225225225225223	6.550207288967633	0.28954664741614905	0.031144867275909975	0.0001428018005850271	0.0	0.0	0.0	
0.2552552552552553	6.701169079868875	0.35616888583969447	0.03124528815302096	6.826579818842791e-05	0.0	0.0	0.0	
0.25825825825825827	6.853846463064424	0.37431377407437044	0.03153796113639259	6.270204208169812e-06	0.0	0.0	0.0	
0.26126126126126126	7.034844027544304	0.3832722512657919	0.03445016657260652	8.08062066047664e-05	0.0	0.0	0.0	
0.26426426426426425	7.2158415920241845	0.4790627335552239	0.03775407309401428	0.000155342209001363	0.0	0.0	0.0	
0.26726726726726724	7.827924555803005	0.5824838145200748	0.04367890484355324	0.00010550220505112518	0.0	0.0	0.0	
0.2702702702702703	8.580028867190709	0.7451779979964307	0.05102803376112154	3.0966202654525974e-05	0.0	0.0	0.0	
0.2732732732732733	9.137688657048198	0.9012206815369687	0.06438401041686226	4.3569799742071126e-05	3.8035485554861602e-06	0.0	0.0	
0.27627627627627627	9.460110586695835	0.9964688585721814	0.07445850890986178	0.00011810580213866773	3.857468393616537e-05	0.0	0.0	
0.27927927927927926	9.654076339156395	1.0834485335136481	0.07486019241830473	0.00019264180453526473	7.334581931684459e-05	0.0	0.0	
0.2822822822822823	9.121475169277094	1.13390432459176	0.07769726052475386	0.00026717780693186395	0.00010811695469752445	0.0	0.0	
0.2852852852852853	8.588873999397801	1.197454851397664	0.08583135157073107	0.00032271363069033413	8.617986214067279e-05	0.0	0.0	
0.2882882882882883	7.96508063406172	1.2963070135098742	0.09211231516478369	0.0001736416258971409	5.140872675999396e-05	0.0	0.0	
0.2912912912912913	7.324934312814358	1.342437542918065	0.09532578323233071	2.4569621103947734e-05	1.6637591379315144e-05	0.0	0.0	
0.29429429429429427	6.7438194897853565	1.293423345870765	0.09862727026743319	0.0	0.0	0.0	0.0	
0.2972972972972973	6.211858893276254	1.298224151332653	0.10204158008920103	0.0	0.0	0.0	0.0	
0.3003003003003003	5.716202714324856	1.3708187078838054	0.11022489370769686	4.3632988413277534e-05	0.0	0.0	0.0	
0.3033033033033033	5.333424538244323	1.4504334969398773	0.1231791868549939	0.00011816899080987475	0.0	0.0	0.0	
0.3063063063063063	4.95064636216379	1.5363113127748722	0.12897187429083684	0.00016769020822454195	0.0	0.0	0.0	
0.30930930930930933	4.692718769504155	1.6441450317464887	0.1291727160450585	0.00016769020822454317	0.0	0.0	0.0	
0.3123123123123123	4.442610455865815	1.7657537853449468	0.13913621756444688	0.00018048337132570806	0.0	0.0	0.0	
0.3153153153153153	4.362401949728337	1.9912248215264823	0.15500271614795877	0.00032955537611890125	0.0	0.0	0.0	
0.3183183183183183	4.378273934344544	2.2611118182932817	0.18077234075956436	0.0004786273809120944	0.0	0.0	0.0	
0.3213213213213213	4.442186655222899	2.7721562847778807	0.21109944564703445	0.0003784418636419636	0.0	0.0	0.0	
0.32432432432432434	4.60083532656606	3.3486909260969577	0.24577436188803717	0.0002293698588487701	2.2242969479842347e-05	0.0	0.0	
0.32732732732732733	4.75108590160846	3.909864164902062	0.28192587764793586	0.00012399403114006	5.701410486052137e-05	0.0	0.0	
0.3303303303303303	4.664039098085498	4.468790764844867	0.3140197523626515	4.945802874346156e-05	9.178524024120039e-05	0.0	0.0	
0.3333333333333333	4.576992294562536	4.8669581113982066	0.3451502242670105	0.0	0.00010251157659699558	0.0	0.0	
0.3363363363363363	4.149212129123828	5.2493516658902335	0.35750187009673373	0.0	6.774044121631695e-05	0.0	0.0	
0.33933933933933935	3.596610835131766	5.442319324013461	0.36704185342226114	1.2919540443575955e-05	3.2969305835637674e-05	0.0	0.0	
0.34234234234234234	3.1283693741207657	5.628603310089265	0.35581730355986424	0.0001619915452367704	0.0	0.0	0.0	
0.34534534534534533	2.7721394054924526	5.770291409116747	0.34306385216678886	0.00031106355002996487	0.0	0.0	0.0	
0.3483483483483483	2.4332694183623027	6.009406497056152	0.37748008429140095	0.00021062527807500897	0.0	0.0	0.0	
0.35135135135135137	2.2134104027593295	6.601489759707487	0.4102423129275932	6.155327328181422e-05	0.0	0.0	0.0	
0.35435435435435436	1.9935513871563604	7.009331088150944	0.4087359997709328	0.0	0.0	0.0	0.0	
0.35735735735735735	1.7667047332074999	6.991928988779106	0.4087837550034939	0.0	0.0	0.0	0.0	
0.36036036036036034	1.538375914154627	7.018265332548723	0.4206334185025699	0.0	0.0	0.0	0.0	
0.36336336336336333	1.3690153524966127	7.113513509583895	0.4380780449291744	0.0	0.0	0.0	0.0	
0.3663663663663664	1.2534986214109456	7.332065982310579	0.48135944296394284	6.522958892994068e-06	0.0	0.0	0.0	
0.36936936936936937	1.15178754663008	7.687315939901392	0.537251339642385	8.10589612895919e-05	0.0	0.0	0.0	
0.37237237237237236	1.0989046561823603	8.171610538685776	0.6331532772832309	0.00015559496368618971	0.0	0.0	0.0	
0.37537537537537535	1.046021765734641	8.757206628198464	0.7243957303568185	0.0001676902082245429	0.0	0.0	0.0	
0.3783783783783784	0.9632097832044959	8.837368200622576	0.8048328529225919	0.0001676902082245429	0.0	0.0	0.0	
0.3813813813813814	0.8777288256974821	8.6407965574223	0.8765591545622857	0.0002553353170783349	0.0	0.0	0.0	
0.3843843843843844	0.7867250789620382	8.3721495392918	0.9329956874985721	0.00040440732187153053	0.0	0.0	0.0	
0.38738738738738737	0.6922760942727731	8.0771376179882	1.0106656982580866	0.0007299097836335636	0.0	0.0	0.0	
0.39039039039039036	0.6132697528383895	7.881535670659636	1.1171118279955718	0.001400733805202933	0.0	0.0	0.0	
0.3933933933933934	0.5680737428325986	7.708029531952213	1.2604719724967612	0.002071557826772316	0.0	0.0	0.0	
0.3963963963963964	0.523029781538729	7.585913947246453	1.442836285330024	0.0027423818483416963	0.0	0.0	0.0	
0.3993993993993994	0.4913569871252226	7.469247801753637	1.6253656540174222	0.0034132058699110767	0.0	0.0	0.0	
0.4024024024024024	0.45968419271171623	7.1304284252627514	1.8080312294820216	0.004146533838009898	2.0041361003993626e-05	0.0	0.0	
0.40540540540540543	0.4312912575564043	6.794739091817537	1.9854940251369102	0.0048918938619758765	8.958363176535295e-05	0.0	0.0	
0.4084084084084084	0.40424482637183706	6.524028327033111	2.1596238260471	0.006119997060020972	0.000159125902526711	0.0	0.0	
0.4114114114114114	0.38868903262219395	6.335685061595356	2.504207545188536	0.007685253110349527	0.00022866817328806905	0.0	0.0	
0.4144144144144144	0.3898990045436088	6.573239163671307	2.9323017443119967	0.009301044240011581	0.00015992546038832701	0.0	0.0	
0.4174174174174174	0.3904404592515649	6.7477345520996055	3.334344981976491	0.011015372295133302	9.038318962696819e-05	0.0	0.0	
0.42042042042042044	0.3852446974713716	6.731053249743169	3.726890190602731	0.012836089730021557	2.0840918865608083e-05	0.0	0.0	
0.42342342342342343	0.38004893569117837	6.610985769369296	4.102840983927645	0.01574299382348887	0.0	0.0	0.0	
0.4264264264264264	0.36543380474360615	6.284773634398949	4.474498650114848	0.018649897916956187	0.0	0.0	0.0	
0.4294294294294294	0.34849419784379826	5.854899970074883	4.536315394369026	0.01824074384478871	0.0	0.0	0.0	
0.43243243243243246	0.3334043029005823	5.28186634283065	4.546056219448754	0.01719723981123634	4.239031794142227e-05	0.0	0.0	
0.43543543543543545	0.3201657865839257	5.006476878611574	4.929698096653782	0.017560101594301835	0.00014670372408345932	0.0	0.0	
0.43843843843843844	0.30941512592787446	5.021716586937208	5.346846420172169	0.018901749637440596	0.0002510171302254964	0.0	0.0	
0.44144144144144143	0.30877455255771363	4.772178461667861	5.679411583922873	0.020623358605648755	0.00033578285630216494	0.0	0.0	
0.4444444444444444	0.30813397918755286	4.340112136435691	6.012539357292781	0.023083046684736444	0.00026624058554080806	0.0	0.0	
0.44744744744744747	0.29723532325521995	3.954675971387676	6.400364784694846	0.02556958486345063	0.00019669831477944994	0.0	0.0	
0.45045045045045046	0.28513560404107147	3.5913942756253023	6.752074973425974	0.028327416952124748	0.00012715604401809309	0.0	0.0	
0.45345345345345345	0.2692379661472759	3.2246515962676296	6.78822648918584	0.031085249040798867	0.00014299407753579015	0.0	0.0	
0.45645645645645644	0.25073251323151935	2.8568391764084073	6.812891706190077	0.03346729918624178	0.00017776521291646877	0.0	0.0	
0.45945945945945943	0.23336464700546591	2.4917396225702566	6.779150291480837	0.035777915260536274	0.0002125363482971474	0.0	0.0	
0.4624624624624625	0.2187738091295807	2.127119303779266	6.742254430370959	0.03782445861218775	0.00022906795221887526	0.0	0.0	
0.46546546546546547	0.20418297125369575	1.8748604539418594	6.694554513743348	0.03968785867210269	0.00022906795221887605	0.0	0.0	
0.46846846846846846	0.20387166314790114	1.633092829672114	6.7583195553149205	0.0442176200179801	0.00022906795221887684	0.0	0.0	
0.47147147147147145	0.20372931351008763	1.5163237131770504	7.098143803457939	0.053907300329537666	0.00022906795221887724	0.0	0.0	
0.4744744744744745	0.2106180243827357	1.402596016437028	7.505206771722446	0.063725719199074	0.00022906795221887648	0.0	0.0	
0.4774774774774775	0.22072484866749503	1.3140409545448415	8.037537841286955	0.07483158355616738	0.0002290679522188757	0.0	0.0	
0.4804804804804805	0.2297119175645105	1.2268227544500279	8.51828700140107	0.08593744791326079	0.0002290679522188749	0.0	0.0	
0.48348348348348347	0.23690057427409286	1.1451667497052485	8.925091974577086	0.105569629976211	0.0002290679522188756	0.0	0.0	
0.48648648648648646	0.24254185786580104	1.0465150573359814	8.964776683878883	0.12681239065924105	0.00022906795221887637	0.0	0.0	
0.4894894894894895	0.23072683792727935	0.9041061612930619	8.59472575172542	0.14968593777940523	0.00022906795221887716	0.0	0.0	
0.4924924924924925	0.2189118179887579	0.7738988911727052	8.26110088808825	0.17368653055110933	0.00027376586609373523	0.0	0.0	
0.4954954954954955	0.20848316109424467	0.6648525998426739	7.959235731493097	0.202473059190724	0.00034330813685509406	0.0	0.0	
0.4984984984984985	0.19844751162839208	0.5760392148332698	7.804450402968814	0.24048642041298987	0.0004128504076164529	0.0	0.0	
0.5015015015015015	0.194622666163622	0.5117853094603209	7.749419762312116	0.28278777334539607	0.0005309062262579278	0.0	0.0	
0.5045045045045045	0.19761200855770567	0.4504657765084893	7.672203796878929	0.3675352080703235	0.0007395330385419965	0.0	0.0	
0.5075075075075075	0.20027834989429963	0.3916693342521601	7.583431741512913	0.45228264279525415	0.000948159850826073	0.0	0.0	
0.5105105105105106	0.20141714699680774	0.35811080432502546	7.691743450039246	0.6028618570939622	0.0011739570161338124	0.0	0.0	
0.5135135135135135	0.20255594409931582	0.3397819659333893	7.877019968308724	0.765797558332918	0.001695524046843992	0.0	0.0	
0.5165165165165165	0.20741967526703806	0.33394838747083744	7.863530014598961	0.9409596234577563	0.0022170910775541905	0.0	0.0	
0.5195195195195195	0.21282896150395142	0.3332275904554325	7.7942396093924895	1.1245417973605778	0.0027386581082643703	0.0	0.0	
0.5225225225225225	0.20529752392505876	0.28540004232498406	7.1846973024865015	1.3389269665457613	0.003683559257629064	0.0	0.0	
0.5255255255255256	0.18800204293071676	0.22547091904445243	6.47411917605032	1.6124740953412826	0.004761464454430124	0.0	0.0	
0.5285285285285285	0.17449767715725292	0.18850859778575046	5.966275068392024	1.9096263750839844	0.005839369651231144	0.0	0.0	
0.5315315315315315	0.17136598512535559	0.15463113806187762	5.479936760544194	2.4380866320758545	0.00768045203311204	0.0	0.0	
0.5345345345345345	0.1682342930934584	0.13370570348382932	5.167387568278613	2.9665468890677054	0.010392600592804975	0.0	0.0	
0.5375375375375375	0.16297259270207679	0.11333024808582133	4.856064090876381	3.5342695772380064	0.01310474915249801	0.0	0.0	
0.5405405405405406	0.15763448128406998	0.09500140969418108	4.36932409952018	4.109314835727755	0.016262173655792862	0.0	0.0	
0.5435435435435435	0.1510693194961192	0.07714665387542699	3.877836560083384	4.666591016262945	0.021547386233655923	0.0	0.0	
0.5465465465465466	0.14388066278653672	0.06221585855639471	3.3377730829813315	5.211672801789303	0.026832598811519177	0.0	0.0	
0.5495495495495496	0.13407279469956596	0.047911982383329985	2.8115850306301198	5.69118412032825	0.03211781138938244	0.0	0.0	
0.5525525525525525	0.11962430646149477	0.035761404123703	2.363607497838717	6.045230131712086	0.04461702663032038	0.0	0.0	
0.5555555555555556	0.10580857003008266	0.02643318973231991	1.9695956455764771	6.417741099292835	0.0581082271580242	0.0	0.0	
0.5585585585585585	0.10217865426583818	0.023344059666313456	1.7757833527525952	6.969382053029994	0.07159942768572752	0.0	0.0	
0.5615615615615616	0.09854873850159357	0.01980475013715854	1.5690402145028461	7.521023006767174	0.08832583904382149	0.0	0.0	
0.5645645645645646	0.09072071004004371	0.01558293904694897	1.3280301094368296	7.642292170862403	0.107345650097053	0.0	0.0	
0.5675675675675675	0.08153915840107238	0.01175935591511485	1.1217003844393885	7.683808724197306	0.12636546115028383	0.0	0.0	
0.5705705705705706	0.07458673839680846	0.008361312842507388	0.9840233619204383	7.880517929721689	0.1495878394067428	0.0	0.0	
0.5735735735735735	0.07031624926240318	0.0055495856084304815	0.8445511296761743	8.183357707459114	0.1830376716429559	0.0	0.0	
0.5765765765765766	0.06578678684416119	0.0031812525578252806	0.7023551676872368	8.440469469566146	0.2164875038791702	0.0	0.0	
0.5795795795795796	0.05980810205599359	0.0022300976383132103	0.6020496577242965	8.610411555030394	0.24993733611538455	0.0	0.0	
0.5825825825825826	0.0538294172678262	0.0020241556339127857	0.5511362730291068	8.798156750603905	0.30159271587234837	0.0	0.0	
0.5855855855855856	0.05032916896268276	0.0015892003436162806	0.4942635768856615	9.15689853013867	0.35329739418341816	0.0	0.0	
0.5885885885885885	0.04726865174969232	0.001074345332615139	0.43190221219983743	9.515640309673422	0.40500207249448605	0.0	0.0	
0.5915915915915916	0.044986813901409316	0.0010706354277429941	0.38275398678527	9.89578382006572	0.4695954124202356	0.0	0.0	
0.5945945945945946	0.0433497930665539	0.0011736064299432201	0.34308774032649475	10.279867840415386	0.5396244790769259	0.0	0.0	
0.5975975975975976	0.04113796944864647	0.0006182698515999081	0.29036102747890313	10.25099161843647	0.6096535457336135	0.0	0.0	
0.6006006006006006	0.037152179589868065	4.4383839855146635e-07	0.2304097638437302	9.940698240459508	0.6838110794873411	2.5709789890765488e-05	0.0	
0.6036036036036035	0.03316638973108981	0.00010289702913379905	0.18399014931299332	9.637706462826243	0.7639237754044249	6.237952242733497e-05	0.0	
0.6066066066066066	0.03085753444675055	0.00018830979935457125	0.14321927320599986	9.348581309529832	0.8440364713215118	9.90492549639058e-05	0.0	
0.6096096096096096	0.028651115060641077	8.533879715434514e-05	0.11539059404398697	9.071036832006394	0.9324090990177472	0.00013571898750047644	0.0	
0.6126126126126126	0.027447052654227866	0.0	0.09149042529160815	8.903628970623574	1.0840460204128826	0.0001723887200370455	0.0	
0.6156156156156156	0.026806479284067052	0.0	0.0790756436407891	8.736221109240748	1.2356829418080233	0.00020905845257361593	0.0	
0.6186186186186187	0.025612848401207262	5.2970588204061565e-05	0.06903355592970595	8.39484414012056	1.3873198632031642	0.0002771970436047714	3.028134540398925e-05	
0.6216216216216216	0.023335254196191115	0.00025891259260451015	0.05425231427413816	8.021642376120809	1.632053668271058	0.00042387597375104767	7.006401712458746e-05	
0.6246246246246246	0.021136098569827025	0.000353554110030855	0.03888792007618093	7.667928371954421	1.897009719871834	0.0005705549038973293	0.00010984668884518714	
0.6276276276276276	0.02106492375092027	0.0002351823891033508	0.029068822076354264	7.327447913006829	2.1619657714726004	0.0007287519712512377	0.00014962936056578535	
0.6306306306306306	0.02099374893201351	0.0001168106681758422	0.019612911038060444	7.009415779769909	2.510357243105798	0.001022109831543807	0.000189412032286385	
0.6336336336336337	0.020035354422668582	0.0	0.016198601216292168	6.733856178909679	2.9334524184179163	0.0013154676918363762	0.0002291947040069847	
0.6366366366366366	0.018754207682347	0.0	0.012897823250592962	6.427974342375234	3.3565475937300184	0.0016088255521289345	0.0002689773757275829	
0.6396396396396397	0.01731969248466086	0.0	0.010989826585487255	5.836531163358214	3.7495804579303273	0.00266872377183411	0.0003087600474481826	
0.6426426426426426	0.015682671649805507	0.0	0.009013033187420479	5.2450879843412155	4.044022432333915	0.0038421552130043076	0.0003485427191687808	
0.6456456456456456	0.01398154488921577	0.0	0.006602932136760383	4.690290011819497	4.338464406737514	0.005015586654174549	0.00041143129712734115	
0.6486486486486487	0.011846300322013056	0.0	0.004432229919458564	4.142152250194845	4.632906381141113	0.0070891946638434265	0.0004954169374263853	
0.6516516516516516	0.009711055754810419	0.0	0.00322717939412863	3.715108386232817	5.0829491549385075	0.00961940620886673	0.0005794025777254262	
0.6546546546546547	0.009516775692705667	0.0	0.002152831163636049	3.3700066951366288	5.5429712760248835	0.012149617753890129	0.0006633882180244703	
0.6576576576576576	0.009730300149425929	0.0	0.0014498850238602542	3.043455422714492	6.0029933971112435	0.015482341838895205	0.0007473738583235114	
0.6606606606606606	0.00841446703670119	0.0	0.0009409249750150646	2.7518705813389936	6.2828145894276375	0.01977270054567404	0.0008313594986225554	
0.6636636636636637	0.005709823918244417	0.0	0.000840504097904233	2.4641906965069538	6.463798349084096	0.02406305925245288	0.0009153451389215996	
0.6666666666666666	0.003589251775657001	0.0	0.0006630400781079436	2.212929832428025	6.644782108740547	0.029400944455365043	0.0009993307792206406	
0.6696696696696697	0.003518076956750244	0.0	0.00036177744677544875	1.9616689683490869	6.827123883958456	0.037908322403849185	0.0010833164195196846	
0.6726726726726726	0.0034469021378434896	0.0	0.00019465119803403397	1.751256988377399	7.011967239642119	0.04641570035233301	0.0011471966627976825	
0.6756756756756757	0.0032448376811867463	0.0	0.00019465119803403397	1.5482209178490396	7.196810595325789	0.05517038704223057	0.0011604575533712158	
0.6786786786786787	0.003031313224466475	0.0	0.00019465119803403495	1.371405731278898	7.369375785215528	0.06972827085924942	0.0011737184439447493	
0.6816816816816816	0.0025102849501972536	0.0	0.00019465119803403685	1.2122713661621902	7.342219528483243	0.08428615467626772	0.0011869793345182821	
0.6846846846846847	0.0017985367611296813	0.0	0.00016141789358799019	1.0576953000881384	7.315063271750957	0.09884403849328657	0.0012002402250918154	
0.6876876876876877	0.0012212690603246666	0.0	0.00010296408036455468	0.9116792713931994	7.287907015018671	0.12134712924161244	0.0012135011156653487	
0.6906906906906907	0.0009365697846976484	0.0	4.451026714112131e-05	0.7706654428631763	7.346473979868111	0.14543914351813886	0.0012267620062388815	
0.6936936936936937	0.0006554613595831857	0.0	0.0	0.6758556478147013	7.431524177009228	0.16953115779466618	0.0012400228968124148	
0.6966966966966966	0.0006554613595831857	0.0	0.0	0.5810458527662298	7.516574374150342	0.2064742777517786	0.0012532837873859477	
0.6996996996996997	0.0006554613595831857	0.0	0.0	0.5084189144091197	7.628052495739636	0.2511013422487835	0.0012685705179978292	
0.7027027027027027	0.0006049045301305717	0.0	0.0	0.4397712562018513	7.769327618791364	0.29572840674578843	0.0013260343771498069	
0.7057057057057057	0.0005337297112238172	0.0	0.0	0.38164467115618683	7.9106027418430855	0.3505401142651565	0.0013834982363017825	
0.7087087087087087	0.00043351376494673075	0.0	0.0	0.3305875095145116	8.050549123998108	0.4195158811664478	0.0014409620954537604	
0.7117117117117117	0.0002911641271332216	0.0	0.0	0.2840997681216462	8.18427891067217	0.4884916480677365	0.001498425954605736	
0.7147147147147147	0.00015866241511533534	0.0	0.0	0.24616094290178248	8.318008697346237	0.5615633782515205	0.001555889813757714	
0.7177177177177178	0.00010945360433581624	0.0	0.0	0.20905203619482854	8.451738484020304	0.6499741033971937	0.0016133536729096916	
0.7207207207207207	6.024479355629895e-05	0.0	0.0	0.17953577924577607	8.299496476627992	0.7383848285428638	0.0016708175320616673	
0.7237237237237237	1.103598277677983e-05	0.0	0.0	0.15001952229672255	8.109054968148037	0.8268450574542456	0.0017282813912136452	
0.7267267267267267	0.0	0.0	0.0	0.121452198506429	7.918613459668091	0.9306204005327302	0.0017857452503656206	
0.7297297297297297	0.0	0.0	0.0	0.09305398159332448	7.724490370618882	1.0343957436112186	0.0018824667625862844	
0.7327327327327328	0.0	0.0	0.0	0.07532568238968615	7.52779005777035	1.1381710866897068	0.001988553887174551	
0.7357357357357357	0.0	0.0	0.0	0.06474157004936852	7.331089744921825	1.2858881886654334	0.0020946410117628138	
0.7387387387387387	0.0	0.0	0.0	0.0543916899425423	7.114190170279815	1.444888148944011	0.0022007281363510805	
0.7417417417417418	0.0	0.0	0.0	0.044478401623795696	6.848851636189873	1.6038881092225887	0.0023068152609393468	
0.7447447447447447	0.0	0.0	0.0	0.03506883012476118	6.583513102099941	1.7970297537286073	0.0024129023855276096	
0.7477477477477478	0.0	0.0	0.0	0.030223989968982196	6.318119736324396	2.0140779006125724	0.0025189895101158763	
0.7507507507507507	0.0	0.0	0.0	0.02537914981320339	5.895024561012297	2.2311260474965295	0.002625076634704139	
0.7537537537537538	0.0	0.0	0.0	0.0205343096574244	5.471929385700182	2.4653281147188104	0.002731163759292406	
0.7567567567567568	0.0	0.0	0.0	0.01568946950164541	5.048834210388067	2.727443362890199	0.0032572348822476342	
0.7597597597597597	0.0	0.0	0.0	0.0118728948498136	4.707778288958539	2.9895586110615775	0.004101511582095892	
0.7627627627627628	0.0	0.0	0.0	0.00874238274915631	4.4008187058178825	3.271224279856926	0.004945788281944181	
0.7657657657657657	0.0	0.0	0.0	0.006498896389842091	4.0938591226772365	3.6462823042409775	0.005790064981792438	
0.7687687687687688	0.0	0.0	0.0	0.00590260837066941	3.711947824775936	4.021340328625043	0.006634341681640727	
0.7717717717717718	0.0	0.0	0.0	0.00520920009500258	3.2232742881358774	4.396398353009108	0.007478618381489015	
0.7747747747747747	0.0	0.0	0.0	0.0036439440446740428	2.7346007514958366	4.6780522193958465	0.008322895081337274	
0.7777777777777778	0.0	0.0	0.0	0.0020786879943454468	2.2643792192815373	4.956375489348423	0.009167171781185562	
0.7807807807807807	0.0	0.0	0.0	0.0013374835870592903	1.9313760557407726	5.234698759300988	0.01001144848103382	
0.7837837837837838	0.0	0.0	0.0	0.0007411955678864918	1.5983728921999956	5.343487508378363	0.011590543259546216	
0.7867867867867868	0.0	0.0	0.0	0.00045830024017863753	1.2653697286592187	5.398162079590352	0.014658229278890262	
0.7897897897897898	0.0	0.0	0.0	0.0003837642377820355	1.0523018604550656	5.452836650802338	0.017725915298234193	
0.7927927927927928	0.0	0.0	0.0	0.00030004296017440546	0.8647463562116837	5.62233496965564	0.020793601317578236	
0.7957957957957957	0.0	0.0	0.0	0.00019932812039991004	0.6771908519683086	5.885586979535708	0.02386128733692217	
0.7987987987987988	0.0	0.0	0.0	9.86132806254109e-05	0.5400817661517802	6.148838989415786	0.026928973356266213	
0.8018018018018018	0.0	0.0	0.0	0.0	0.44759054603917026	6.277807107915891	0.02999665937561026	
0.8048048048048048	0.0	0.0	0.0	0.0	0.3550993259265638	6.149536383502968	0.03306434539495419	
0.8078078078078078	0.0	0.0	0.0	0.0	0.27363756059896593	6.021265659090043	0.03613203141429824	
0.8108108108108109	0.0	0.0	0.0	0.0	0.22773966189646974	5.9164185790867965	0.03958176613047248	
0.8138138138138138	0.0	0.0	0.0	0.0	0.18184176319397527	5.961082313316295	0.0468001108993321	
0.8168168168168168	0.0	0.0	0.0	0.0	0.13594386449147908	6.005746047545795	0.05401845566819199	
0.8198198198198198	0.0	0.0	0.0	0.0	0.11758242731778515	6.0504097817752935	0.061236800437051604	
0.8228228228228228	0.0	0.0	0.0	0.0	0.10089228233505845	6.12668412805673	0.06845514520591149	
0.8258258258258259	0.0	0.0	0.0	0.0	0.08420213735233177	6.20541404381279	0.07567348997477139	
0.8288288288288288	0.0	0.0	0.0	0.0	0.07082844935193873	6.284143959568847	0.08289183474363099	
0.8318318318318318	0.0	0.0	0.0	0.0	0.05924966127017267	6.226327463082234	0.09011017951249088	
0.8348348348348348	0.0	0.0	0.0	0.0	0.047670873188407036	6.1155115313566775	0.0973285242813505	
0.8378378378378378	0.0	0.0	0.0	0.0	0.03844909422671432	6.004695599631116	0.10454686905021038	
0.8408408408408409	0.0	0.0	0.0	0.0	0.03351159300265767	5.940180834310464	0.11290093533112638	
0.8438438438438438	0.0	0.0	0.0	0.0	0.028574091778601207	5.9196457840900285	0.12144978945419724	
0.8468468468468469	0.0	0.0	0.0	0.0	0.023842210370571347	5.899110733869592	0.12999864357726842	
0.8498498498498498	0.0	0.0	0.0	0.0	0.0222775092784409	5.861579795169398	0.13854749770033928	
0.8528528528528528	0.0	0.0	0.0	0.0	0.020712808186310397	5.7853800909584026	0.14709635182341046	
0.8558558558558559	0.0	0.0	0.0	0.0	0.01914810709417989	5.709180386747407	0.15564520594648165	
0.8588588588588588	0.0	0.0	0.0	0.0	0.017450054215393973	5.626059408647778	0.1641940600695525	
0.8618618618618619	0.0	0.0	0.0	0.0	0.01571149744635997	5.4790871206411635	0.1727429141926237	
0.8648648648648649	0.0	0.0	0.0	0.0	0.01397294067732597	5.332114832634549	0.18129176831569488	
0.8678678678678678	0.0	0.0	0.0	0.0	0.01223438390829202	5.185142544627939	0.21020711480747262	
0.8708708708708709	0.0	0.0	0.0	0.0	0.010495827139257992	5.187492144056694	0.25186399239579865	
0.8738738738738738	0.0	0.0	0.0	0.0	0.00875727037022403	5.20824721267243	0.2935208699841232	
0.8768768768768769	0.0	0.0	0.0	0.0	0.007267882297041203	5.2290022812881665	0.3351777475724492	
0.8798798798798799	0.0	0.0	0.0	0.0	0.006920170943234431	5.151567277956863	0.37683462516077526	
0.8828828828828829	0.0	0.0	0.0	0.0	0.006572459589427672	5.028503655564134	0.4184915027490998	
0.8858858858858859	0.0	0.0	0.0	0.0	0.0062247482356209	4.905440033171401	0.46014838033742583	
0.8888888888888888	0.0	0.0	0.0	0.0	0.005938596447433215	4.805674477047958	0.5018052579257504	
0.8918918918918919	0.0	0.0	0.0	0.0	0.005660427364387756	4.731638287056588	0.5434621355140764	
0.8948948948948949	0.0	0.0	0.0	0.0	0.0053822582813422976	4.657602097065218	0.6067760131752812	
0.8978978978978979	0.0	0.0	0.0	0.0	0.005268562901034131	4.562972895708722	0.7059232716967283	
0.9009009009009009	0.0	0.0	0.0	0.0	0.005268562901034149	4.412003606855695	0.8050705302181793	
0.9039039039039038	0.0	0.0	0.0	0.0	0.0052685629010341675	4.261034318002673	0.9042177887396264	
0.9069069069069069	0.0	0.0	0.0	0.0	0.004968742257666241	4.110252493150112	1.0033650472610773	
0.9099099099099099	0.0	0.0	0.0	0.0	0.003960379331626513	3.962400131562657	1.1025123057825281	
0.9129129129129129	0.0	0.0	0.0	0.0	0.002952016405586822	3.8145477699752073	1.2016595643039754	
0.9159159159159159	0.0	0.0	0.0	0.0	0.0019467233751383664	3.666695408387752	1.3008068228254261	
0.9189189189189189	0.0	0.0	0.0	0.0	0.001842409968996338	3.43830413330809	1.3999540813468734	
0.9219219219219219	0.0	0.0	0.0	0.0	0.0017380965628543057	3.1959905407064064	1.5023691655468907	
0.924924924924925	0.0	0.0	0.0	0.0	0.0016337831567122731	2.953676948104723	1.6251517513672358	
0.9279279279279279	0.0	0.0	0.0	0.0	0.0014307951972877002	2.7123332113629735	1.7479343371875764	
0.9309309309309309	0.0	0.0	0.0	0.0	0.001187397249622937	2.471523077795336	1.8707169230079215	
0.933933933933934	0.0	0.0	0.0	0.0	0.0009439993019581739	2.2307129442276987	1.9934995088282665	
0.9369369369369369	0.0	0.0	0.0	0.0	0.0008017378327660631	2.005177589519533	2.116282094648607	
0.93993993993994	0.0	0.0	0.0	0.0	0.0008017378327660659	1.7992770413266852	2.2390646804689522	
0.9429429429429429	0.0	0.0	0.0	0.0	0.0008017378327660686	1.5933764931338454	2.361847266289293	
0.9459459459459459	0.0	0.0	0.0	0.0	0.0007806003408369044	1.3965602790161664	2.484629852109638	
0.948948948948949	0.0	0.0	0.0	0.0	0.0006067446639335033	1.2301530327651995	2.607412437929983	
0.9519519519519519	0.0	0.0	0.0	0.0	0.00043288898703010867	1.0637457865142388	2.6665280650361165	
0.954954954954955	0.0	0.0	0.0	0.0	0.0002590333101267076	0.898898996370158	2.7185549590529456	
0.9579579579579579	0.0	0.0	0.0	0.0	0.00020028988841976357	0.8018708840784028	2.7705818530697726	
0.960960960960961	0.0	0.0	0.0	0.0	0.0001655187530390847	0.704842771786644	2.8226087470866017	
0.963963963963964	0.0	0.0	0.0	0.0	0.00013074761765840583	0.6078146594948852	2.874635641103431	
0.9669669669669669	0.0	0.0	0.0	0.0	9.59764822777276e-05	0.5177197309552002	2.9266625351202578	
0.96996996996997	0.0	0.0	0.0	0.0	6.120534689704754e-05	0.4291989966119172	2.978689429137087	
0.9729729729729729	0.0	0.0	0.0	0.0	2.6434211516368776e-05	0.34067826226863746	3.0307163231539143	
0.975975975975976	0.0	0.0	0.0	0.0	8.336923864311187e-06	0.27614697867321136	3.0827432171707434	
0.978978978978979	0.0	0.0	0.0	0.0	4.310805924499085e-05	0.2271195462718145	3.10914907007821	
0.9819819819819819	0.0	0.0	0.0	0.0	7.787919462566924e-05	0.17809211387041946	3.12243648243289	
0.984984984984985	0.0	0.0	0.0	0.0	0.0001126503300063489	0.14029749109526102	3.1357238947875703	
0.9879879879879879	0.0	0.0	0.0	0.0	0.0001145339761094378	0.11935907381688116	3.14901130714225	
0.990990990990991	0.0	0.0	0.0	0.0	0.00011453397610943819	0.09842065653850052	3.1622987194969308	
0.993993993993994	0.0	0.0	0.0	0.0	0.00011453397610943858	0.07875904170166599	3.175586131851611	
0.996996996996997	0.0	0.0	0.0	0.0	9.186705679924988e-05	0.0644578460124039	3.188873544206291	
1.0	0.0	0.0	0.0	0.0	5.709592141857022e-05	0.05015665032314127	3.2021609565609714	
1.003003003003003	0.0	0.0	0.0	0.0	2.232478603789055e-05	0.035855454633878646	3.2154483689156517	
1.006006006006006	0.0	0.0	0.0	0.0	0.0	0.02726024005180809	3.211116326540866	
1.009009009009009	0.0	0.0	0.0	0.0	0.0	0.018752862103324126	3.182742441010362	
1.012012012012012	0.0	0.0	0.0	0.0	0.0	0.010245484154839536	3.154368555479856	
1.015015015015015	0.0	0.0	0.0	0.0	0.0	0.006897279395965327	3.12599466994935	
1.018018018018018	0.0	0.0	0.0	0.0	0.0	0.005027123036600295	3.097620784418844	
1.021021021021021	0.0	0.0	0.0	0.0	0.0	0.003156966677235264	3.0692468988883377	
1.024024024024024	0.0	0.0	0.0	0.0	0.0	0.0020807684130367014	3.040873013357834	
1.027027027027027	0.0	0.0	0.0	0.0	0.0	0.001604061890061275	3.012499127827328	
1.03003003003003	0.0	0.0	0.0	0.0	0.0	0.0011273553670858487	2.984125242296822	
1.033033033033033	0.0	0.0	0.0	0.0	0.0	0.0007569172352067643	2.948631795024594	
1.0360360360360361	0.0	0.0	0.0	0.0	0.0	0.0005735685725239063	2.881664297628254	
1.039039039039039	0.0	0.0	0.0	0.0	0.0	0.00039021990984106195	2.8146968002319186	
1.042042042042042	0.0	0.0	0.0	0.0	0.0	0.00023523856561198883	2.7477293028355785	
1.045045045045045	0.0	0.0	0.0	0.0	0.0	0.0002352385656119905	2.680761805439238	
1.048048048048048	0.0	0.0	0.0	0.0	0.0	0.00023523856561199222	2.613794308042898	
1.0510510510510511	0.0	0.0	0.0	0.0	0.0	0.00023523856561199393	2.5468268106465577	
1.054054054054054	0.0	0.0	0.0	0.0	0.0	0.00016577234354991504	2.4798593132502225	
1.057057057057057	0.0	0.0	0.0	0.0	0.0	9.243287847677251e-05	2.412891815853882	
1.06006006006006	0.0	0.0	0.0	0.0	0.0	1.9093413403629988e-05	2.345924318457542	
1.063063063063063	0.0	0.0	0.0	0.0	0.0	8.13690775042669e-05	2.314530784606494	
1.0660660660660661	0.0	0.0	0.0	0.0	0.0	0.00019137827511397814	2.2851667525798334	
1.069069069069069	0.0	0.0	0.0	0.0	0.0	0.00030138747272368124	2.2558027205531745	
1.072072072072072	0.0	0.0	0.0	0.0	0.0	0.0002943190265025746	2.226438688526514	
1.075075075075075	0.0	0.0	0.0	0.0	0.0	0.00018430982889286587	2.1970746564998533	
1.078078078078078	0.0	0.0	0.0	0.0	0.0	7.430063128315717e-05	2.1677106244731927	
1.0810810810810811	0.0	0.0	0.0	0.0	0.0	1.1902855442184395e-05	2.138346592446532	
1.084084084084084	0.0	0.0	0.0	0.0	0.0	4.857258797875294e-05	2.1089825604198738	
1.087087087087087	0.0	0.0	0.0	0.0	0.0	8.524232051532421e-05	2.079618528393213	
1.09009009009009	0.0	0.0	0.0	0.0	0.0	0.00011761928280599691	2.060454007902929	
1.093093093093093	0.0	0.0	0.0	0.0	0.0	0.00011761928280599606	2.045504563929699	
1.0960960960960962	0.0	0.0	0.0	0.0	2.4774625778223877e-05	0.0001176192828059952	2.0305551199564693	
1.0990990990990992	0.0	0.0	0.0	0.0	5.954576115890315e-05	0.00011761928280599436	2.015605675983239	
1.102102102102102	0.0	0.0	0.0	0.0	9.431689653957985e-05	0.00018432411797836105	2.0006562320100105	
1.105105105105105	0.0	0.0	0.0	0.0	0.00010013753091361564	0.00025766358305150274	1.9857067880367805	
1.1081081081081081	0.0	0.0	0.0	0.0	6.57429434933633e-05	0.00033100304812464437	1.9707573440635506	
1.1111111111111112	0.0	0.0	0.0	0.0	3.1348356073110964e-05	0.000278471078720756	1.9558079000903206	
1.1141141141141142	0.0	0.0	0.0	0.0	0.0	0.0001725077608775141	1.9408584561170907	
1.117117117117117	0.0	0.0	0.0	0.0	0.0	6.654444303427998e-05	1.9197231000577022	
1.12012012012012	0.0	0.0	0.0	0.0	0.0	0.0	1.8915879105575224	
1.1231231231231231	0.0	0.0	0.0	0.0	0.0	0.0	1.8634527210573424	
1.1261261261261262	0.0	0.0	0.0	0.0	0.0	0.0	1.8353175315571626	
1.1291291291291292	0.0	0.0	0.0	0.0	0.0	0.0	1.8071823420569826	
1.132132132132132	0.0	0.0	0.0	0.0	0.0	0.0	1.7790471525568048	
1.135135135135135	0.0	0.0	0.0	0.0	0.0	0.0	1.750911963056625	
1.1381381381381381	0.0	0.0	0.0	0.0	0.0	0.0	1.722776773556445	
1.1411411411411412	0.0	0.0	0.0	0.0	0.0	0.0	1.6946415840562652	
1.1441441441441442	0.0	0.0	0.0	0.0	0.0	0.0	1.6653683887374002	
1.147147147147147	0.0	0.0	0.0	0.0	0.0	0.0	1.6323001479438684	
1.15015015015015	0.0	0.0	0.0	0.0	0.0	0.0	1.599231907150334	
1.1531531531531531	0.0	0.0	0.0	0.0	0.0	0.0	1.5661636663568	
1.1561561561561562	0.0	0.0	0.0	0.0	0.0	0.0	1.5330954255632656	
1.1591591591591592	0.0	0.0	0.0	0.0	0.0	0.0	1.5000271847697313	
1.162162162162162	0.0	0.0	0.0	0.0	0.0	0.0	1.4669589439761994	
1.165165165165165	0.0	0.0	0.0	0.0	0.0	0.0	1.4338907031826653	
1.1681681681681682	0.0	0.0	0.0	0.0	0.0	0.0	1.400822462389131	
1.1711711711711712	0.0	0.0	0.0	0.0	0.0	0.0	1.3677542215955967	
1.1741741741741742	0.0	0.0	0.0	0.0	0.0	0.0	1.3568748156283816	
1.177177177177177	0.0	0.0	0.0	0.0	0.0	0.0	1.3461688566386822	
1.1801801801801801	0.0	0.0	0.0	0.0	0.0	0.0	1.3354628976489817	
1.1831831831831832	0.0	0.0	0.0	0.0	0.0	0.0	1.3247569386592815	
1.1861861861861862	0.0	0.0	0.0	0.0	0.0	0.0	1.3140509796695812	
1.1891891891891893	0.0	0.0	0.0	0.0	0.0	0.0	1.303345020679881	
1.192192192192192	0.0	0.0	0.0	0.0	0.0	0.0	1.2926390616901813	
1.1951951951951951	0.0	0.0	0.0	0.0	0.0	0.0	1.281933102700481	
1.1981981981981982	0.0	0.0	0.0	0.0	0.0	0.0	1.2712271437107805	
1.2012012012012012	0.0	0.0	0.0	0.0	0.0	0.0	1.2567760069272118	
1.2042042042042043	0.0	0.0	0.0	0.0	0.0	0.0	1.2411016342692966	
1.207207207207207	0.0	0.0	0.0	0.0	0.0	0.0	1.2254272616113826	
1.2102102102102101	0.0	0.0	0.0	0.0	0.0	0.0	1.2097528889534674	
1.2132132132132132	0.0	0.0	0.0	0.0	0.0	0.0	1.1940785162955523	
1.2162162162162162	0.0	0.0	0.0	0.0	0.0	0.0	1.1784041436376371	
1.2192192192192193	0.0	0.0	0.0	0.0	0.0	0.0	1.162729770979722	
1.2222222222222223	0.0	0.0	0.0	0.0	0.0	0.0	1.1470553983218066	
1.2252252252252251	0.0	0.0	0.0	0.0	0.0	0.0	1.1313810256638925	
1.2282282282282282	0.0	0.0	0.0	0.0	0.0	0.0	1.112979880538075	
1.2312312312312312	0.0	0.0	0.0	0.0	0.0	0.0	1.092014412541319	
1.2342342342342343	0.0	0.0	0.0	0.0	0.0	0.0	1.0710489445445628	
1.2372372372372373	0.0	0.0	0.0	0.0	0.0	0.0	1.0500834765478064	
1.2402402402402402	0.0	0.0	0.0	0.0	0.0	0.0	1.0291180085510518	
1.2432432432432432	0.0	0.0	0.0	0.0	0.0	0.0	1.0081525405542957	
1.2462462462462462	0.0	0.0	0.0	0.0	0.0	0.0	0.9871870725575395	
1.2492492492492493	0.0	0.0	0.0	0.0	0.0	0.0	0.9662216045607832	
1.2522522522522523	0.0	0.0	0.0	0.0	0.0	0.0	0.9452561365640271	
1.2552552552552552	0.0	0.0	0.0	0.0	0.0	0.0	0.9276468823075018	
1.2582582582582582	0.0	0.0	0.0	0.0	0.0	0.0	0.918801868294955	
1.2612612612612613	0.0	0.0	0.0	0.0	0.0	0.0	0.9099568542824084	
1.2642642642642643	0.0	0.0	0.0	0.0	0.0	0.0	0.9011118402698616	
1.2672672672672673	0.0	0.0	0.0	0.0	0.0	0.0	0.8922668262573149	
1.2702702702702702	0.0	0.0	0.0	0.0	0.0	0.0	0.8834218122447688	
1.2732732732732732	0.0	0.0	0.0	0.0	0.0	0.0	0.874576798232222	
1.2762762762762763	0.0	0.0	0.0	0.0	0.0	0.0	0.8657317842196753	
1.2792792792792793	0.0	0.0	0.0	0.0	0.0	0.0	0.8568867702071286	
1.2822822822822824	0.0	0.0	0.0	0.0	0.0	0.0	0.8478114078429855	
1.2852852852852852	0.0	0.0	0.0	0.0	0.0	0.0	0.8329768915880607	
1.2882882882882882	0.0	0.0	0.0	0.0	0.0	0.0	0.8181423753331347	
1.2912912912912913	0.0	0.0	0.0	0.0	0.0	0.0	0.8033078590782088	
1.2942942942942943	0.0	0.0	0.0	0.0	0.0	0.0	0.7884733428232829	
1.2972972972972974	0.0	0.0	0.0	0.0	0.0	0.0	0.7736388265683569	
1.3003003003003002	0.0	0.0	0.0	0.0	0.0	0.0	0.758804310313432	
1.3033033033033032	0.0	0.0	0.0	0.0	0.0	0.0	0.743969794058506	
1.3063063063063063	0.0	0.0	0.0	0.0	0.0	0.0	0.7291352778035801	
1.3093093093093093	0.0	0.0	0.0	0.0	0.0	0.0	0.7143007615486542	
1.3123123123123124	0.0	0.0	0.0	0.0	0.0	0.0	0.7051207767315246	
1.3153153153153152	0.0	0.0	0.0	0.0	0.0	0.0	0.6973543151522925	
1.3183183183183182	0.0	0.0	0.0	0.0	0.0	0.0	0.6895878535730599	
1.3213213213213213	0.0	0.0	0.0	0.0	0.0	0.0	0.6818213919938271	
1.3243243243243243	0.0	0.0	0.0	0.0	0.0	0.0	0.6740549304145944	
1.3273273273273274	0.0	0.0	0.0	0.0	0.0	0.0	0.6662884688353617	
1.3303303303303302	0.0	0.0	0.0	0.0	0.0	0.0	0.6585220072561296	
1.3333333333333333	0.0	0.0	0.0	0.0	0.0	0.0	0.650755545676897	
1.3363363363363363	0.0	0.0	0.0	0.0	0.0	0.0	0.6429890840976642	
1.3393393393393394	0.0	0.0	0.0	0.0	0.0	0.0	0.6360914236759038	
1.3423423423423424	0.0	0.0	0.0	0.0	0.0	0.0	0.6298720659969167	
1.3453453453453452	0.0	0.0	0.0	0.0	0.0	0.0	0.62365270831793	
1.3483483483483483	0.0	0.0	0.0	0.0	0.0	0.0	0.6174333506389429	
1.3513513513513513	0.0	0.0	0.0	0.0	0.0	0.0	0.6112139929599557	
1.3543543543543544	0.0	0.0	0.0	0.0	0.0	0.0	0.6049946352809685	
1.3573573573573574	0.0	0.0	0.0	0.0	0.0	0.0	0.5987752776019815	
1.3603603603603605	0.0	0.0	0.0	0.0	0.0	0.0	0.5925559199229943	
1.3633633633633633	0.0	0.0	0.0	0.0	0.0	0.0	0.5863365622440077	
1.3663663663663663	0.0	0.0	0.0	0.0	0.0	0.0	0.5798001251370964	
1.3693693693693694	0.0	0.0	0.0	0.0	0.0	0.0	0.5725994615556674	
1.3723723723723724	0.0	0.0	0.0	0.0	0.0	0.0	0.5653987979742384	
1.3753753753753755	0.0	0.0	0.0	0.0	0.0	0.0	0.5581981343928093	
1.3783783783783783	0.0	0.0	0.0	0.0	0.0	0.0	0.5509974708113808	
1.3813813813813813	0.0	0.0	0.0	0.0	0.0	0.0	0.5437968072299517	
1.3843843843843844	0.0	0.0	0.0	0.0	0.0	0.0	0.5365961436485227	
1.3873873873873874	0.0	0.0	0.0	0.0	0.0	0.0	0.5293954800670937	
1.3903903903903905	0.0	0.0	0.0	0.0	0.0	0.0	0.5221948164856646	
1.3933933933933933	0.0	0.0	0.0	0.0	0.0	0.0	0.5155106626181519	
1.3963963963963963	0.0	0.0	0.0	0.0	0.0	0.0	0.5144100087005491	
1.3993993993993994	0.0	0.0	0.0	0.0	0.0	0.0	0.5133093547829463	
1.4024024024024024	0.0	0.0	0.0	0.0	0.0	0.0	0.5122087008653435	
1.4054054054054055	0.0	0.0	0.0	0.0	0.0	0.0	0.5111080469477407	
1.4084084084084083	0.0	0.0	0.0	0.0	0.0	0.0	0.510007393030138	
1.4114114114114114	0.0	0.0	0.0	0.0	0.0	0.0	0.5089067391125351	
1.4144144144144144	0.0	0.0	0.0	0.0	0.0	0.0	0.5078060851949324	
1.4174174174174174	0.0	0.0	0.0	0.0	0.0	0.0	0.5067054312773296	
1.4204204204204205	0.0	0.0	0.0	0.0	0.0	0.0	0.5056047773597268	
1.4234234234234233	0.0	0.0	0.0	0.0	0.0	0.0	0.5021587823219428	
1.4264264264264264	0.0	0.0	0.0	0.0	0.0	0.0	0.4982866022744711	
1.4294294294294294	0.0	0.0	0.0	0.0	0.0	0.0	0.49441442222699933	
1.4324324324324325	0.0	0.0	0.0	0.0	0.0	0.0	0.4905422421795276	
1.4354354354354355	0.0	0.0	0.0	0.0	0.0	0.0	0.4866700621320558	
1.4384384384384383	0.0	0.0	0.0	0.0	0.0	0.0	0.4827978820845844	
1.4414414414414414	0.0	0.0	0.0	0.0	0.0	0.0	0.47892570203711265	
1.4444444444444444	0.0	0.0	0.0	0.0	0.0	0.0	0.4750535219896409	
1.4474474474474475	0.0	0.0	0.0	0.0	0.0	0.0	0.47118134194216915	
1.4504504504504505	0.0	0.0	0.0	0.0	0.0	0.0	0.4684536418390271	
1.4534534534534533	0.0	0.0	0.0	0.0	0.0	0.0	0.46646450825299723	
1.4564564564564564	0.0	0.0	0.0	0.0	0.0	0.0	0.46447537466696726	
1.4594594594594594	0.0	0.0	0.0	0.0	0.0	0.0	0.4624862410809373	
1.4624624624624625	0.0	0.0	0.0	0.0	0.0	0.0	0.46049710749490724	
1.4654654654654655	0.0	0.0	0.0	0.0	0.0	0.0	0.45850797390887726	
1.4684684684684683	0.0	0.0	0.0	0.0	0.0	0.0	0.4565188403228474	
1.4714714714714714	0.0	0.0	0.0	0.0	0.0	0.0	0.4545297067368174	
1.4744744744744744	0.0	0.0	0.0	0.0	0.0	0.0	0.45254057315078744	
1.4774774774774775	0.0	0.0	0.0	0.0	0.0	0.0	0.45023961882286284	
1.4804804804804805	0.0	0.0	0.0	0.0	0.0	0.0	0.44740620853698454	
1.4834834834834836	0.0	0.0	0.0	0.0	0.0	0.0	0.44457279825110624	
1.4864864864864864	0.0	0.0	0.0	0.0	0.0	0.0	0.44173938796522816	
1.4894894894894894	0.0	0.0	0.0	0.0	0.0	0.0	0.43890597767934986	
1.4924924924924925	0.0	0.0	0.0	0.0	0.0	0.0	0.43607256739347156	
1.4954954954954955	0.0	0.0	0.0	0.0	0.0	0.0	0.4332391571075933	
1.4984984984984986	0.0	0.0	0.0	0.0	0.0	0.0	0.430405746821715	
1.5015015015015014	0.0	0.0	0.0	0.0	0.0	0.0	0.4275723365358369	
1.5045045045045045	0.0	0.0	0.0	0.0	0.0	0.0	0.42430905169761096	
1.5075075075075075	0.0	0.0	0.0	0.0	0.0	0.0	0.4181913608463542	
1.5105105105105106	0.0	0.0	0.0	0.0	0.0	0.0	0.41207366999509754	
1.5135135135135136	0.0	0.0	0.0	0.0	0.0	0.0	0.4059559791438408	
1.5165165165165164	0.0	0.0	0.0	0.0	0.0	0.0	0.39983828829258455	
1.5195195195195195	0.0	0.0	0.0	0.0	0.0	0.0	0.39372059744132787	
1.5225225225225225	0.0	0.0	0.0	0.0	0.0	0.0	0.38760290659007113	
1.5255255255255256	0.0	0.0	0.0	0.0	0.0	0.0	0.38148521573881444	
1.5285285285285286	0.0	0.0	0.0	0.0	0.0	0.0	0.37536752488755776	
1.5315315315315314	0.0	0.0	0.0	0.0	0.0	0.0	0.36924983403630146	
1.5345345345345345	0.0	0.0	0.0	0.0	0.0	0.0	0.3654951140657822	
1.5375375375375375	0.0	0.0	0.0	0.0	0.0	0.0	0.3620251810323743	
1.5405405405405406	0.0	0.0	0.0	0.0	0.0	0.0	0.35855524799896643	
1.5435435435435436	0.0	0.0	0.0	0.0	0.0	0.0	0.35508531496555856	
1.5465465465465464	0.0	0.0	0.0	0.0	0.0	0.0	0.3516153819321509	
1.5495495495495495	0.0	0.0	0.0	0.0	0.0	0.0	0.348145448898743	
1.5525525525525525	0.0	0.0	0.0	0.0	0.0	0.0	0.3446755158653351	
1.5555555555555556	0.0	0.0	0.0	0.0	0.0	0.0	0.34120558283192726	
1.5585585585585586	0.0	0.0	0.0	0.0	0.0	0.0	0.33773564979851933	
1.5615615615615615	0.0	0.0	0.0	0.0	0.0	0.0	0.3326988726737125	
1.5645645645645645	0.0	0.0	0.0	0.0	0.0	0.0	0.3268331387433527	
1.5675675675675675	0.0	0.0	0.0	0.0	0.0	0.0	0.32096740481299285	
1.5705705705705706	0.0	0.0	0.0	0.0	0.0	0.0	0.315101670882633	
1.5735735735735736	0.0	0.0	0.0	0.0	0.0	0.0	0.3092359369522732	
1.5765765765765765	0.0	0.0	0.0	0.0	0.0	0.0	0.3033702030219138	
1.5795795795795795	0.0	0.0	0.0	0.0	0.0	0.0	0.297504469091554	
1.5825825825825826	0.0	0.0	0.0	0.0	0.0	0.0	0.29163873516119415	
1.5855855855855856	0.0	0.0	0.0	0.0	0.0	0.0	0.2857730012308343	
1.5885885885885886	0.0	0.0	0.0	0.0	0.0	0.0	0.2818580051304156	
1.5915915915915915	0.0	0.0	0.0	0.0	0.0	0.0	0.2806866264630872	
1.5945945945945945	0.0	0.0	0.0	0.0	0.0	0.0	0.27951524779575865	
1.5975975975975976	0.0	0.0	0.0	0.0	0.0	0.0	0.2783438691284301	
1.6006006006006006	0.0	0.0	0.0	0.0	0.0	0.0	0.2771724904611016	
1.6036036036036037	0.0	0.0	0.0	0.0	0.0	0.0	0.27600111179377307	
1.6066066066066067	0.0	0.0	0.0	0.0	0.0	0.0	0.27482973312644454	
1.6096096096096095	0.0	0.0	0.0	0.0	0.0	0.0	0.27365835445911607	
1.6126126126126126	0.0	0.0	0.0	0.0	0.0	0.0	0.2724869757917876	
1.6156156156156156	0.0	0.0	0.0	0.0	0.0	0.0	0.27111831901587635	
1.6186186186186187	0.0	0.0	0.0	0.0	0.0	0.0	0.26883302554037075	
1.6216216216216217	0.0	0.0	0.0	0.0	0.0	0.0	0.2665477320648652	
1.6246246246246245	0.0	0.0	0.0	0.0	0.0	0.0	0.26426243858935977	
1.6276276276276276	0.0	0.0	0.0	0.0	0.0	0.0	0.2619771451138542	
1.6306306306306306	0.0	0.0	0.0	0.0	0.0	0.0	0.2596918516383486	
1.6336336336336337	0.0	0.0	0.0	0.0	0.0	0.0	0.257406558162843	
1.6366366366366367	0.0	0.0	0.0	0.0	0.0	0.0	0.2551212646873375	
1.6396396396396395	0.0	0.0	0.0	0.0	0.0	0.0	0.25283597121183204	
1.6426426426426426	0.0	0.0	0.0	0.0	0.0	0.0	0.25055067773632644	
1.6456456456456456	0.0	0.0	0.0	0.0	0.0	0.0	0.2476513110694266	
1.6486486486486487	0.0	0.0	0.0	0.0	0.0	0.0	0.24471181365896005	
1.6516516516516517	0.0	0.0	0.0	0.0	0.0	0.0	0.2417723162484935	
1.6546546546546546	0.0	0.0	0.0	0.0	0.0	0.0	0.23883281883802715	
1.6576576576576576	0.0	0.0	0.0	0.0	0.0	0.0	0.23589332142756061	
1.6606606606606606	0.0	0.0	0.0	0.0	0.0	0.0	0.23295382401709405	
1.6636636636636637	0.0	0.0	0.0	0.0	0.0	0.0	0.23001432660662752	
1.6666666666666667	0.0	0.0	0.0	0.0	0.0	0.0	0.22707482919616095	
1.6696696696696696	0.0	0.0	0.0	0.0	0.0	0.0	0.2241353317856946	
1.6726726726726726	0.0	0.0	0.0	0.0	0.0	0.0	0.22149915808298945	
1.6756756756756757	0.0	0.0	0.0	0.0	0.0	0.0	0.21899284976459163	
1.6786786786786787	0.0	0.0	0.0	0.0	0.0	0.0	0.21648654144619384	
1.6816816816816818	0.0	0.0	0.0	0.0	0.0	0.0	0.21398023312779604	
1.6846846846846846	0.0	0.0	0.0	0.0	0.0	0.0	0.21147392480939842	
1.6876876876876876	0.0	0.0	0.0	0.0	0.0	0.0	0.2089676164910006	
1.6906906906906907	0.0	0.0	0.0	0.0	0.0	0.0	0.2064613081726028	
1.6936936936936937	0.0	0.0	0.0	0.0	0.0	0.0	0.203954999854205	
1.6966966966966968	0.0	0.0	0.0	0.0	0.0	0.0	0.2014486915358072	
1.6996996996996996	0.0	0.0	0.0	0.0	0.0	0.0	0.1984096465739092	
1.7027027027027026	0.0	0.0	0.0	0.0	0.0	0.0	0.19474964077561402	
1.7057057057057057	0.0	0.0	0.0	0.0	0.0	0.0	0.19108963497731882	
1.7087087087087087	0.0	0.0	0.0	0.0	0.0	0.0	0.18742962917902362	
1.7117117117117118	0.0	0.0	0.0	0.0	0.0	0.0	0.18376962338072841	
1.7147147147147146	0.0	0.0	0.0	0.0	0.0	0.0	0.1801096175824335	
1.7177177177177176	0.0	0.0	0.0	0.0	0.0	0.0	0.1764496117841383	
1.7207207207207207	0.0	0.0	0.0	0.0	0.0	0.0	0.1727896059858431	
1.7237237237237237	0.0	0.0	0.0	0.0	0.0	0.0	0.16912960018754788	
1.7267267267267268	0.0	0.0	0.0	0.0	0.0	0.0	0.16608457840721447	
1.7297297297297298	0.0	0.0	0.0	0.0	0.0	0.0	0.16517841755135634	
1.7327327327327327	0.0	0.0	0.0	0.0	0.0	0.0	0.1642722566954983	
1.7357357357357357	0.0	0.0	0.0	0.0	0.0	0.0	0.16336609583964018	
1.7387387387387387	0.0	0.0	0.0	0.0	0.0	0.0	0.16245993498378208	
1.7417417417417418	0.0	0.0	0.0	0.0	0.0	0.0	0.16155377412792396	
1.7447447447447448	0.0	0.0	0.0	0.0	0.0	0.0	0.16064761327206586	
1.7477477477477477	0.0	0.0	0.0	0.0	0.0	0.0	0.15974145241620782	
1.7507507507507507	0.0	0.0	0.0	0.0	0.0	0.0	0.1588352915603497	
1.7537537537537538	0.0	0.0	0.0	0.0	0.0	0.0	0.1579291307044916	
1.7567567567567568	0.0	0.0	0.0	0.0	0.0	0.0	0.1562872407189231	
1.7597597597597598	0.0	0.0	0.0	0.0	0.0	0.0	0.15463404969408917	
1.7627627627627627	0.0	0.0	0.0	0.0	0.0	0.0	0.15298085866925534	
1.7657657657657657	0.0	0.0	0.0	0.0	0.0	0.0	0.1513276676444214	
1.7687687687687688	0.0	0.0	0.0	0.0	0.0	0.0	0.14967447661958744	
1.7717717717717718	0.0	0.0	0.0	0.0	0.0	0.0	0.1480212855947535	
1.7747747747747749	0.0	0.0	0.0	0.0	0.0	0.0	0.14636809456991956	
1.7777777777777777	0.0	0.0	0.0	0.0	0.0	0.0	0.14471490354508573	
1.7807807807807807	0.0	0.0	0.0	0.0	0.0	0.0	0.1430617125202518	
1.7837837837837838	0.0	0.0	0.0	0.0	0.0	0.0	0.14166917595136808	
1.7867867867867868	0.0	0.0	0.0	0.0	0.0	0.0	0.1403651883783041	
1.7897897897897899	0.0	0.0	0.0	0.0	0.0	0.0	0.13906120080524015	
1.7927927927927927	0.0	0.0	0.0	0.0	0.0	0.0	0.13775721323217627	
1.7957957957957957	0.0	0.0	0.0	0.0	0.0	0.0	0.13645322565911228	
1.7987987987987988	0.0	0.0	0.0	0.0	0.0	0.0	0.1351492380860483	
1.8018018018018018	0.0	0.0	0.0	0.0	0.0	0.0	0.13384525051298432	
1.8048048048048049	0.0	0.0	0.0	0.0	0.0	0.0	0.13254126293992036	
1.8078078078078077	0.0	0.0	0.0	0.0	0.0	0.0	0.13123727536685648	
1.8108108108108107	0.0	0.0	0.0	0.0	0.0	0.0	0.13021396531667465	
1.8138138138138138	0.0	0.0	0.0	0.0	0.0	0.0	0.1294625148508411	
1.8168168168168168	0.0	0.0	0.0	0.0	0.0	0.0	0.12871106438500754	
1.8198198198198199	0.0	0.0	0.0	0.0	0.0	0.0	0.127959613919174	
1.8228228228228227	0.0	0.0	0.0	0.0	0.0	0.0	0.1272081634533405	
1.8258258258258258	0.0	0.0	0.0	0.0	0.0	0.0	0.12645671298750694	
1.8288288288288288	0.0	0.0	0.0	0.0	0.0	0.0	0.12570526252167338	
1.8318318318318318	0.0	0.0	0.0	0.0	0.0	0.0	0.12495381205583983	
1.834834834834835	0.0	0.0	0.0	0.0	0.0	0.0	0.12420236159000628	
1.8378378378378377	0.0	0.0	0.0	0.0	0.0	0.0	0.12370706575188439	
1.8408408408408408	0.0	0.0	0.0	0.0	0.0	0.0	0.1239059791104874	
1.8438438438438438	0.0	0.0	0.0	0.0	0.0	0.0	0.1241048924690904	
1.8468468468468469	0.0	0.0	0.0	0.0	0.0	0.0	0.1243038058276934	
1.84984984984985	0.0	0.0	0.0	0.0	0.0	0.0	0.12450271918629639	
1.8528528528528527	0.0	0.0	0.0	0.0	0.0	0.0	0.12470163254489938	
1.8558558558558558	0.0	0.0	0.0	0.0	0.0	0.0	0.12490054590350239	
1.8588588588588588	0.0	0.0	0.0	0.0	0.0	0.0	0.1250994592621054	
1.8618618618618619	0.0	0.0	0.0	0.0	0.0	0.0	0.1252983726207084	
1.864864864864865	0.0	0.0	0.0	0.0	0.0	0.0	0.12547955962967186	
1.867867867867868	0.0	0.0	0.0	0.0	0.0	0.0	0.12510825469361292	
1.8708708708708708	0.0	0.0	0.0	0.0	0.0	0.0	0.12473694975755402	
1.8738738738738738	0.0	0.0	0.0	0.0	0.0	0.0	0.12436564482149508	
1.8768768768768769	0.0	0.0	0.0	0.0	0.0	0.0	0.12399433988543615	
1.87987987987988	0.0	0.0	0.0	0.0	0.0	0.0	0.12362303494937721	
1.882882882882883	0.0	0.0	0.0	0.0	0.0	0.0	0.12325173001331827	
1.8858858858858858	0.0	0.0	0.0	0.0	0.0	0.0	0.12288042507725937	
1.8888888888888888	0.0	0.0	0.0	0.0	0.0	0.0	0.12250912014120043	
1.8918918918918919	0.0	0.0	0.0	0.0	0.0	0.0	0.1221378152051415	
1.894894894894895	0.0	0.0	0.0	0.0	0.0	0.0	0.12166139905575372	
1.897897897897898	0.0	0.0	0.0	0.0	0.0	0.0	0.12115748521395947	
1.9009009009009008	0.0	0.0	0.0	0.0	0.0	0.0	0.12065357137216524	
1.9039039039039038	0.0	0.0	0.0	0.0	0.0	0.0	0.12014965753037098	
1.906906906906907	0.0	0.0	0.0	0.0	0.0	0.0	0.11964574368857671	
1.90990990990991	0.0	0.0	0.0	0.0	0.0	0.0	0.11914182984678244	
1.912912912912913	0.0	0.0	0.0	0.0	0.0	0.0	0.11863791600498817	
1.9159159159159158	0.0	0.0	0.0	0.0	0.0	0.0	0.11813400216319395	
1.9189189189189189	0.0	0.0	0.0	0.0	0.0	0.0	0.11763008832139968	
1.921921921921922	0.0	0.0	0.0	0.0	0.0	0.0	0.11721191411263973	
1.924924924924925	0.0	0.0	0.0	0.0	0.0	0.0	0.11686271066087002	
1.927927927927928	0.0	0.0	0.0	0.0	0.0	0.0	0.11651350720910031	
1.9309309309309308	0.0	0.0	0.0	0.0	0.0	0.0	0.11616430375733063	
1.9339339339339339	0.0	0.0	0.0	0.0	0.0	0.0	0.11581510030556091	
1.936936936936937	0.0	0.0	0.0	0.0	0.0	0.0	0.1154658968537912	
1.93993993993994	0.0	0.0	0.0	0.0	0.0	0.0	0.11511669340202149	
1.942942942942943	0.0	0.0	0.0	0.0	0.0	0.0	0.1147674899502518	
1.9459459459459458	0.0	0.0	0.0	0.0	0.0	0.0	0.1144182864984821	
1.9489489489489489	0.0	0.0	0.0	0.0	0.0	0.0	0.11396440550988737	
1.951951951951952	0.0	0.0	0.0	0.0	0.0	0.0	0.11328367979377924	
1.954954954954955	0.0	0.0	0.0	0.0	0.0	0.0	0.1126029540776711	
1.957957957957958	0.0	0.0	0.0	0.0	0.0	0.0	0.11192222836156296	
1.9609609609609608	0.0	0.0	0.0	0.0	0.0	0.0	0.11124150264545488	
1.9639639639639639	0.0	0.0	0.0	0.0	0.0	0.0	0.11056077692934672	
1.966966966966967	0.0	0.0	0.0	0.0	0.0	0.0	0.10988005121323859	
1.96996996996997	0.0	0.0	0.0	0.0	0.0	0.0	0.10919932549713045	
1.972972972972973	0.0	0.0	0.0	0.0	0.0	0.0	0.10851859978102231	
1.9759759759759759	0.0	0.0	0.0	0.0	0.0	0.0	0.10780472943835537	
1.978978978978979	0.0	0.0	0.0	0.0	0.0	0.0	0.1066952349270366	
1.981981981981982	0.0	0.0	0.0	0.0	0.0	0.0	0.10558574041571782	
1.984984984984985	0.0	0.0	0.0	0.0	0.0	0.0	0.10447624590439904	
1.987987987987988	0.0	0.0	0.0	0.0	0.0	0.0	0.10336675139308027	
1.990990990990991	0.0	0.0	0.0	0.0	0.0	0.0	0.10225725688176149	
1.993993993993994	0.0	0.0	0.0	0.0	0.0	0.0	0.10114776237044279	
1.996996996996997	0.0	0.0	0.0	0.0	0.0	0.0	0.10003826785912401	
2.0	0.0	0.0	0.0	0.0	0.0	0.0	0.09892877334780524	
2.003003003003003	0.0	0.0	0.0	0.0	0.0	0.0	0.09781927883648654	
2.006006006006006	0.0	0.0	0.0	0.0	0.0	0.0	0.09607942590125719	
2.009009009009009	0.0	0.0	0.0	0.0	0.0	0.0	0.09421848092410465	
2.012012012012012	0.0	0.0	0.0	0.0	0.0	0.0	0.09235753594695183	
2.015015015015015	0.0	0.0	0.0	0.0	0.0	0.0	0.09049659096979928	
2.018018018018018	0.0	0.0	0.0	0.0	0.0	0.0	0.08863564599264674	
2.021021021021021	0.0	0.0	0.0	0.0	0.0	0.0	0.08677470101549392	
2.024024024024024	0.0	0.0	0.0	0.0	0.0	0.0	0.08491375603834138	
2.027027027027027	0.0	0.0	0.0	0.0	0.0	0.0	0.08305281106118856	
2.03003003003003	0.0	0.0	0.0	0.0	0.0	0.0	0.08119186608403603	
2.033033033033033	0.0	0.0	0.0	0.0	0.0	0.0	0.07950608427653126	
2.036036036036036	0.0	0.0	0.0	0.0	0.0	0.0	0.0779368788919965	
2.039039039039039	0.0	0.0	0.0	0.0	0.0	0.0	0.07636767350746199	
2.042042042042042	0.0	0.0	0.0	0.0	0.0	0.0	0.07479846812292723	
2.045045045045045	0.0	0.0	0.0	0.0	0.0	0.0	0.0732292627383927	
2.048048048048048	0.0	0.0	0.0	0.0	0.0	0.0	0.07166005735385818	
2.051051051051051	0.0	0.0	0.0	0.0	0.0	0.0	0.07009085196932342	
2.054054054054054	0.0	0.0	0.0	0.0	0.0	0.0	0.0685216465847889	
2.057057057057057	0.0	0.0	0.0	0.0	0.0	0.0	0.06695244120025415	
2.06006006006006	0.0	0.0	0.0	0.0	0.0	0.0	0.06561843347973113	
2.063063063063063	0.0	0.0	0.0	0.0	0.0	0.0	0.06469901173329944	
2.066066066066066	0.0	0.0	0.0	0.0	0.0	0.0	0.06377958998686761	
2.069069069069069	0.0	0.0	0.0	0.0	0.0	0.0	0.06286016824043593	
2.0720720720720722	0.0	0.0	0.0	0.0	0.0	0.0	0.0619407464940041	
2.075075075075075	0.0	0.0	0.0	0.0	0.0	0.0	0.06102132474757241	
2.078078078078078	0.0	0.0	0.0	0.0	0.0	0.0	0.06010190300114072	
2.081081081081081	0.0	0.0	0.0	0.0	0.0	0.0	0.05918248125470889	
2.084084084084084	0.0	0.0	0.0	0.0	0.0	0.0	0.0582630595082772	
2.0870870870870872	0.0	0.0	0.0	0.0	0.0	0.0	0.05736711493619992	
2.09009009009009	0.0	0.0	0.0	0.0	0.0	0.0	0.05663776595465565	
2.093093093093093	0.0	0.0	0.0	0.0	0.0	0.0	0.055908416973111386	
2.096096096096096	0.0	0.0	0.0	0.0	0.0	0.0	0.05517906799156701	
2.099099099099099	0.0	0.0	0.0	0.0	0.0	0.0	0.05444971901002274	
2.1021021021021022	0.0	0.0	0.0	0.0	0.0	0.0	0.05372037002847837	
2.105105105105105	0.0	0.0	0.0	0.0	0.0	0.0	0.0529910210469341	
2.108108108108108	0.0	0.0	0.0	0.0	0.0	0.0	0.052261672065389835	
2.111111111111111	0.0	0.0	0.0	0.0	0.0	0.0	0.051532323083845456	
2.114114114114114	0.0	0.0	0.0	0.0	0.0	0.0	0.05080297410230119	
2.1171171171171173	0.0	0.0	0.0	0.0	0.0	0.0	0.04985453775733574	
2.12012012012012	0.0	0.0	0.0	0.0	0.0	0.0	0.04887765215175227	
2.123123123123123	0.0	0.0	0.0	0.0	0.0	0.0	0.04790076654616881	
2.126126126126126	0.0	0.0	0.0	0.0	0.0	0.0	0.04692388094058521	
2.129129129129129	0.0	0.0	0.0	0.0	0.0	0.0	0.04594699533500174	
2.1321321321321323	0.0	0.0	0.0	0.0	0.0	0.0	0.04497010972941813	
2.135135135135135	0.0	0.0	0.0	0.0	0.0	0.0	0.04399322412383467	
2.138138138138138	0.0	0.0	0.0	0.0	0.0	0.0	0.04301633851825121	
2.141141141141141	0.0	0.0	0.0	0.0	0.0	0.0	0.0420394529126676	
2.144144144144144	0.0	0.0	0.0	0.0	0.0	0.0	0.04113688235404148	
2.1471471471471473	0.0	0.0	0.0	0.0	0.0	0.0	0.04027492446676168	
2.15015015015015	0.0	0.0	0.0	0.0	0.0	0.0	0.03941296657948201	
2.153153153153153	0.0	0.0	0.0	0.0	0.0	0.0	0.038551008692202335	
2.156156156156156	0.0	0.0	0.0	0.0	0.0	0.0	0.03768905080492253	
2.159159159159159	0.0	0.0	0.0	0.0	0.0	0.0	0.036827092917642856	
2.1621621621621623	0.0	0.0	0.0	0.0	0.0	0.0	0.035965135030363055	
2.165165165165165	0.0	0.0	0.0	0.0	0.0	0.0	0.03510317714308338	
2.168168168168168	0.0	0.0	0.0	0.0	0.0	0.0	0.0342412192558037	
2.171171171171171	0.0	0.0	0.0	0.0	0.0	0.0	0.03357953508620376	
2.174174174174174	0.0	0.0	0.0	0.0	0.0	0.0	0.03320823015014491	
2.1771771771771773	0.0	0.0	0.0	0.0	0.0	0.0	0.03283692521408601	
2.18018018018018	0.0	0.0	0.0	0.0	0.0	0.0	0.03246562027802716	
2.1831831831831834	0.0	0.0	0.0	0.0	0.0	0.0	0.03209431534196826	
2.186186186186186	0.0	0.0	0.0	0.0	0.0	0.0	0.03172301040590941	
2.189189189189189	0.0	0.0	0.0	0.0	0.0	0.0	0.03135170546985056	
2.1921921921921923	0.0	0.0	0.0	0.0	0.0	0.0	0.030980400533791662	
2.195195195195195	0.0	0.0	0.0	0.0	0.0	0.0	0.030609095597732814	
2.1981981981981984	0.0	0.0	0.0	0.0	0.0	0.0	0.030266300709514745	
2.201201201201201	0.0	0.0	0.0	0.0	0.0	0.0	0.03006296705405386	
2.204204204204204	0.0	0.0	0.0	0.0	0.0	0.0	0.02985963339859298	
2.2072072072072073	0.0	0.0	0.0	0.0	0.0	0.0	0.029656299743132067	
2.21021021021021	0.0	0.0	0.0	0.0	0.0	0.0	0.029452966087671187	
2.2132132132132134	0.0	0.0	0.0	0.0	0.0	0.0	0.029249632432210276	
2.2162162162162162	0.0	0.0	0.0	0.0	0.0	0.0	0.029046298776749392	
2.219219219219219	0.0	0.0	0.0	0.0	0.0	0.0	0.028842965121288512	
2.2222222222222223	0.0	0.0	0.0	0.0	0.0	0.0	0.028639631465827597	
2.225225225225225	0.0	0.0	0.0	0.0	0.0	0.0	0.028436297810366717	
2.2282282282282284	0.0	0.0	0.0	0.0	0.0	0.0	0.0276031307863024	
2.2312312312312312	0.0	0.0	0.0	0.0	0.0	0.0	0.026723491711591472	
2.234234234234234	0.0	0.0	0.0	0.0	0.0	0.0	0.025843852636880542	
2.2372372372372373	0.0	0.0	0.0	0.0	0.0	0.0	0.024964213562169484	
2.24024024024024	0.0	0.0	0.0	0.0	0.0	0.0	0.02408457448745855	
2.2432432432432434	0.0	0.0	0.0	0.0	0.0	0.0	0.023204935412747492	
2.2462462462462462	0.0	0.0	0.0	0.0	0.0	0.0	0.022325296338036562	
2.249249249249249	0.0	0.0	0.0	0.0	0.0	0.0	0.021445657263325632	
2.2522522522522523	0.0	0.0	0.0	0.0	0.0	0.0	0.020566018188614574	
2.255255255255255	0.0	0.0	0.0	0.0	0.0	0.0	0.0200416354538543	
2.2582582582582584	0.0	0.0	0.0	0.0	0.0	0.0	0.01967475081465315	
2.2612612612612613	0.0	0.0	0.0	0.0	0.0	0.0	0.01930786617545205	
2.264264264264264	0.0	0.0	0.0	0.0	0.0	0.0	0.018940981536250952	
2.2672672672672673	0.0	0.0	0.0	0.0	0.0	0.0	0.0185740968970498	
2.27027027027027	0.0	0.0	0.0	0.0	0.0	0.0	0.018207212257848705	
2.2732732732732734	0.0	0.0	0.0	0.0	0.0	0.0	0.017840327618647553	
2.2762762762762763	0.0	0.0	0.0	0.0	0.0	0.0	0.017473442979446457	
2.279279279279279	0.0	0.0	0.0	0.0	0.0	0.0	0.017106558340245357	
2.2822822822822824	0.0	0.0	0.0	0.0	0.0	0.0	0.016978691311071572	
2.285285285285285	0.0	0.0	0.0	0.0	0.0	0.0	0.01713782199795396	
2.2882882882882885	0.0	0.0	0.0	0.0	0.0	0.0	0.01729695268483637	
2.2912912912912913	0.0	0.0	0.0	0.0	0.0	0.0	0.017456083371718754	
2.294294294294294	0.0	0.0	0.0	0.0	0.0	0.0	0.01761521405860114	
2.2972972972972974	0.0	0.0	0.0	0.0	0.0	0.0	0.017774344745483547	
2.3003003003003	0.0	0.0	0.0	0.0	0.0	0.0	0.017933475432365936	
2.3033033033033035	0.0	0.0	0.0	0.0	0.0	0.0	0.018092606119248344	
2.3063063063063063	0.0	0.0	0.0	0.0	0.0	0.0	0.01825173680613073	
2.309309309309309	0.0	0.0	0.0	0.0	0.0	0.0	0.018331640006125846	
2.3123123123123124	0.0	0.0	0.0	0.0	0.0	0.0	0.018123886053807173	
2.315315315315315	0.0	0.0	0.0	0.0	0.0	0.0	0.017916132101488534	
2.3183183183183185	0.0	0.0	0.0	0.0	0.0	0.0	0.01770837814916986	
2.3213213213213213	0.0	0.0	0.0	0.0	0.0	0.0	0.01750062419685122	
2.324324324324324	0.0	0.0	0.0	0.0	0.0	0.0	0.017292870244532577	
2.3273273273273274	0.0	0.0	0.0	0.0	0.0	0.0	0.017085116292213903	
2.33033033033033	0.0	0.0	0.0	0.0	0.0	0.0	0.01687736233989526	
2.3333333333333335	0.0	0.0	0.0	0.0	0.0	0.0	0.016669608387576588	
2.3363363363363363	0.0	0.0	0.0	0.0	0.0	0.0	0.01646185443525795	
2.339339339339339	0.0	0.0	0.0	0.0	0.0	0.0	0.016288667215600447	
2.3423423423423424	0.0	0.0	0.0	0.0	0.0	0.0	0.016116275638144474	
2.3453453453453452	0.0	0.0	0.0	0.0	0.0	0.0	0.015943884060688522	
2.3483483483483485	0.0	0.0	0.0	0.0	0.0	0.0	0.01577149248323255	
2.3513513513513513	0.0	0.0	0.0	0.0	0.0	0.0	0.0155991009057766	
2.354354354354354	0.0	0.0	0.0	0.0	0.0	0.0	0.015426709328320652	
2.3573573573573574	0.0	0.0	0.0	0.0	0.0	0.0	0.015254317750864676	
2.3603603603603602	0.0	0.0	0.0	0.0	0.0	0.0	0.015081926173408727	
2.3633633633633635	0.0	0.0	0.0	0.0	0.0	0.0	0.014909534595952753	
2.3663663663663663	0.0	0.0	0.0	0.0	0.0	0.0	0.014743676695042184	
2.369369369369369	0.0	0.0	0.0	0.0	0.0	0.0	0.014580125711301978	
2.3723723723723724	0.0	0.0	0.0	0.0	0.0	0.0	0.014416574727561748	
2.3753753753753752	0.0	0.0	0.0	0.0	0.0	0.0	0.014253023743821541	
2.3783783783783785	0.0	0.0	0.0	0.0	0.0	0.0	0.01408947276008131	
2.3813813813813813	0.0	0.0	0.0	0.0	0.0	0.0	0.013925921776341103	
2.384384384384384	0.0	0.0	0.0	0.0	0.0	0.0	0.013762370792600898	
2.3873873873873874	0.0	0.0	0.0	0.0	0.0	0.0	0.013598819808860668	
2.3903903903903903	0.0	0.0	0.0	0.0	0.0	0.0	0.01343526882512046	
2.3933933933933935	0.0	0.0	0.0	0.0	0.0	0.0	0.013223035472201035	
2.3963963963963963	0.0	0.0	0.0	0.0	0.0	0.0	0.012962237957588208	
2.399399399399399	0.0	0.0	0.0	0.0	0.0	0.0	0.012701440442975382	
2.4024024024024024	0.0	0.0	0.0	0.0	0.0	0.0	0.012440642928362517	
2.4054054054054053	0.0	0.0	0.0	0.0	0.0	0.0	0.01217984541374969	
2.4084084084084085	0.0	0.0	0.0	0.0	0.0	0.0	0.011919047899136826	
2.4114114114114114	0.0	0.0	0.0	0.0	0.0	0.0	0.011658250384524	
2.414414414414414	0.0	0.0	0.0	0.0	0.0	0.0	0.011397452869911173	
2.4174174174174174	0.0	0.0	0.0	0.0	0.0	0.0	0.011136655355298309	
2.4204204204204203	0.0	0.0	0.0	0.0	0.0	0.0	0.01088049316729633	
2.4234234234234235	0.0	0.0	0.0	0.0	0.0	0.0	0.010637376840114886	
2.4264264264264264	0.0	0.0	0.0	0.0	0.0	0.0	0.01039426051293348	
2.429429429429429	0.0	0.0	0.0	0.0	0.0	0.0	0.01015114418575207	
2.4324324324324325	0.0	0.0	0.0	0.0	0.0	0.0	0.009908027858570628	
2.4354354354354353	0.0	0.0	0.0	0.0	0.0	0.0	0.00966491153138922	
2.4384384384384385	0.0	0.0	0.0	0.0	0.0	0.0	0.009421795204207776	
2.4414414414414414	0.0	0.0	0.0	0.0	0.0	0.0	0.009178678877026369	
2.4444444444444446	0.0	0.0	0.0	0.0	0.0	0.0	0.008935562549844926	
2.4474474474474475	0.0	0.0	0.0	0.0	0.0	0.0	0.008695486244602644	
2.4504504504504503	0.0	0.0	0.0	0.0	0.0	0.0	0.008580558526298682	
2.4534534534534536	0.0	0.0	0.0	0.0	0.0	0.0	0.008465630807994702	
2.4564564564564564	0.0	0.0	0.0	0.0	0.0	0.0	0.00835070308969074	
2.4594594594594597	0.0	0.0	0.0	0.0	0.0	0.0	0.008235775371386762	
2.4624624624624625	0.0	0.0	0.0	0.0	0.0	0.0	0.0081208476530828	
2.4654654654654653	0.0	0.0	0.0	0.0	0.0	0.0	0.008005919934778838	
2.4684684684684686	0.0	0.0	0.0	0.0	0.0	0.0	0.007890992216474858	
2.4714714714714714	0.0	0.0	0.0	0.0	0.0	0.0	0.007776064498170896	
2.4744744744744747	0.0	0.0	0.0	0.0	0.0	0.0	0.007661136779866917	
2.4774774774774775	0.0	0.0	0.0	0.0	0.0	0.0	0.007514968964547634	
2.4804804804804803	0.0	0.0	0.0	0.0	0.0	0.0	0.007360258574523093	
2.4834834834834836	0.0	0.0	0.0	0.0	0.0	0.0	0.007205548184498528	
2.4864864864864864	0.0	0.0	0.0	0.0	0.0	0.0	0.0070508377944739865	
2.4894894894894897	0.0	0.0	0.0	0.0	0.0	0.0	0.006896127404449422	
2.4924924924924925	0.0	0.0	0.0	0.0	0.0	0.0	0.006741417014424881	
2.4954954954954953	0.0	0.0	0.0	0.0	0.0	0.0	0.006586706624400339	
2.4984984984984986	0.0	0.0	0.0	0.0	0.0	0.0	0.006431996234375775	
2.5015015015015014	0.0	0.0	0.0	0.0	0.0	0.0	0.0062772858443512335	
2.5045045045045047	0.0	0.0	0.0	0.0	0.0	0.0	0.006173334944519529	
2.5075075075075075	0.0	0.0	0.0	0.0	0.0	0.0	0.006111450788509722	
2.5105105105105103	0.0	0.0	0.0	0.0	0.0	0.0	0.0060495666324999154	
2.5135135135135136	0.0	0.0	0.0	0.0	0.0	0.0	0.005987682476490099	
2.5165165165165164	0.0	0.0	0.0	0.0	0.0	0.0	0.005925798320480292	
2.5195195195195197	0.0	0.0	0.0	0.0	0.0	0.0	0.005863914164470476	
2.5225225225225225	0.0	0.0	0.0	0.0	0.0	0.0	0.0058020300084606685	
2.5255255255255253	0.0	0.0	0.0	0.0	0.0	0.0	0.005740145852450862	
2.5285285285285286	0.0	0.0	0.0	0.0	0.0	0.0	0.005678261696441046	
2.5315315315315314	0.0	0.0	0.0	0.0	0.0	0.0	0.005605472618266184	
2.5345345345345347	0.0	0.0	0.0	0.0	0.0	0.0	0.0055082260873935895	
2.5375375375375375	0.0	0.0	0.0	0.0	0.0	0.0	0.00541097955652101	
2.5405405405405403	0.0	0.0	0.0	0.0	0.0	0.0	0.005313733025648429	
2.5435435435435436	0.0	0.0	0.0	0.0	0.0	0.0	0.005216486494775834	
2.5465465465465464	0.0	0.0	0.0	0.0	0.0	0.0	0.005119239963903254	
2.5495495495495497	0.0	0.0	0.0	0.0	0.0	0.0	0.00502199343303066	
2.5525525525525525	0.0	0.0	0.0	0.0	0.0	0.0	0.004924746902158079	
2.5555555555555554	0.0	0.0	0.0	0.0	0.0	0.0	0.004827500371285499	
2.5585585585585586	0.0	0.0	0.0	0.0	0.0	0.0	0.004726544496885092	
2.5615615615615615	0.0	0.0	0.0	0.0	0.0	0.0	0.0045762544037184	
2.5645645645645647	0.0	0.0	0.0	0.0	0.0	0.0	0.004425964310551686	
2.5675675675675675	0.0	0.0	0.0	0.0	0.0	0.0	0.004275674217384995	
2.5705705705705704	0.0	0.0	0.0	0.0	0.0	0.0	0.0041253841242183025	
2.5735735735735736	0.0	0.0	0.0	0.0	0.0	0.0	0.003975094031051589	
2.5765765765765765	0.0	0.0	0.0	0.0	0.0	0.0	0.0038248039378848972	
2.5795795795795797	0.0	0.0	0.0	0.0	0.0	0.0	0.0036745138447181833	
2.5825825825825826	0.0	0.0	0.0	0.0	0.0	0.0	0.003524223751551491	
2.5855855855855854	0.0	0.0	0.0	0.0	0.0	0.0	0.0033739336583847998	
2.5885885885885886	0.0	0.0	0.0	0.0	0.0	0.0	0.0032346697817436177	
2.5915915915915915	0.0	0.0	0.0	0.0	0.0	0.0	0.003097640579150444	
2.5945945945945947	0.0	0.0	0.0	0.0	0.0	0.0	0.002960611376557251	
2.5975975975975976	0.0	0.0	0.0	0.0	0.0	0.0	0.0028235821739640773	
2.6006006006006004	0.0	0.0	0.0	0.0	0.0	0.0	0.002686552971370904	
2.6036036036036037	0.0	0.0	0.0	0.0	0.0	0.0	0.00254952376877771	
2.6066066066066065	0.0	0.0	0.0	0.0	0.0	0.0	0.0024124945661845366	
2.6096096096096097	0.0	0.0	0.0	0.0	0.0	0.0	0.0022754653635913428	
2.6126126126126126	0.0	0.0	0.0	0.0	0.0	0.0	0.0021384361609981693	
2.6156156156156154	0.0	0.0	0.0	0.0	0.0	0.0	0.00208267042655956	
2.6186186186186187	0.0	0.0	0.0	0.0	0.0	0.0	0.0020826704265595633	
2.6216216216216215	0.0	0.0	0.0	0.0	0.0	0.0	0.002082670426559567	
2.6246246246246248	0.0	0.0	0.0	0.0	0.0	0.0	0.0020826704265595707	
2.6276276276276276	0.0	0.0	0.0	0.0	0.0	0.0	0.002082670426559574	
2.6306306306306304	0.0	0.0	0.0	0.0	0.0	0.0	0.002082670426559578	
2.6336336336336337	0.0	0.0	0.0	0.0	0.0	0.0	0.0020826704265595815	
2.6366366366366365	0.0	0.0	0.0	0.0	0.0	0.0	0.002082670426559585	
2.6396396396396398	0.0	0.0	0.0	0.0	0.0	0.0	0.002082670426559589	
2.6426426426426426	0.0	0.0	0.0	0.0	0.0	0.0	0.0020262440665716605	
2.6456456456456454	0.0	0.0	0.0	0.0	0.0	0.0	0.0018671133796892686	
2.6486486486486487	0.0	0.0	0.0	0.0	0.0	0.0	0.0017079826928068532	
2.6516516516516515	0.0	0.0	0.0	0.0	0.0	0.0	0.0015488520059244613	
2.6546546546546548	0.0	0.0	0.0	0.0	0.0	0.0	0.001389721319042046	
2.6576576576576576	0.0	0.0	0.0	0.0	0.0	0.0	0.0012305906321596542	
2.6606606606606604	0.0	0.0	0.0	0.0	0.0	0.0	0.0010714599452772624	
2.6636636636636637	0.0	0.0	0.0	0.0	0.0	0.0	0.0009123292583948469	
2.6666666666666665	0.0	0.0	0.0	0.0	0.0	0.0	0.000753198571512455	
2.66966966966967	0.0	0.0	0.0	0.0	0.0	0.0	0.0006140903121944145	
2.6726726726726726	0.0	0.0	0.0	0.0	0.0	0.0	0.0006273512027679467	
2.6756756756756754	0.0	0.0	0.0	0.0	0.0	0.0	0.0006406120933414788	
2.6786786786786787	0.0	0.0	0.0	0.0	0.0	0.0	0.0006538729839150129	
2.6816816816816815	0.0	0.0	0.0	0.0	0.0	0.0	0.000667133874488545	
2.684684684684685	0.0	0.0	0.0	0.0	0.0	0.0	0.0006803947650620791	
2.6876876876876876	0.0	0.0	0.0	0.0	0.0	0.0	0.0006936556556356113	
2.6906906906906904	0.0	0.0	0.0	0.0	0.0	0.0	0.0007069165462091434	
2.6936936936936937	0.0	0.0	0.0	0.0	0.0	0.0	0.0007201774367826775	
2.6966966966966965	0.0	0.0	0.0	0.0	0.0	0.0	0.0007334383273562096	
2.6996996996997	0.0	0.0	0.0	0.0	0.0	0.0	0.0007040226375389351	
2.7027027027027026	0.0	0.0	0.0	0.0	0.0	0.0	0.0006686602626761834	
2.705705705705706	0.0	0.0	0.0	0.0	0.0	0.0	0.0006332978878134264	
2.7087087087087087	0.0	0.0	0.0	0.0	0.0	0.0	0.0005979355129506747	
2.7117117117117115	0.0	0.0	0.0	0.0	0.0	0.0	0.0005625731380879232	
2.714714714714715	0.0	0.0	0.0	0.0	0.0	0.0	0.0005272107632251662	
2.7177177177177176	0.0	0.0	0.0	0.0	0.0	0.0	0.0004918483883624145	
2.720720720720721	0.0	0.0	0.0	0.0	0.0	0.0	0.0004564860134996577	
2.7237237237237237	0.0	0.0	0.0	0.0	0.0	0.0	0.000421123638636906	
2.7267267267267266	0.0	0.0	0.0	0.0	0.0	0.0	0.0003942383212235213	
2.72972972972973	0.0	0.0	0.0	0.0	0.0	0.0	0.00037213683693429673	
2.7327327327327327	0.0	0.0	0.0	0.0	0.0	0.0	0.00035003535264507547	
2.735735735735736	0.0	0.0	0.0	0.0	0.0	0.0	0.0003279338683558509	
2.7387387387387387	0.0	0.0	0.0	0.0	0.0	0.0	0.0003058323840666296	
2.7417417417417416	0.0	0.0	0.0	0.0	0.0	0.0	0.00028373089977740834	
2.744744744744745	0.0	0.0	0.0	0.0	0.0	0.0	0.0002616294154881838	
2.7477477477477477	0.0	0.0	0.0	0.0	0.0	0.0	0.00023952793119896246	
2.750750750750751	0.0	0.0	0.0	0.0	0.0	0.0	0.0002174264469097379	
2.7537537537537538	0.0	0.0	0.0	0.0	0.0	0.0	0.00020418337515289796	
2.7567567567567566	0.0	0.0	0.0	0.0	0.0	0.0	0.0002041833751528983	
2.75975975975976	0.0	0.0	0.0	0.0	0.0	0.0	0.00020418337515289866	
2.7627627627627627	0.0	0.0	0.0	0.0	0.0	0.0	0.00020418337515289901	
2.765765765765766	0.0	0.0	0.0	0.0	0.0	0.0	0.00020418337515289937	
2.7687687687687688	0.0	0.0	0.0	0.0	0.0	0.0	0.00020418337515289972	
2.7717717717717716	0.0	0.0	0.0	0.0	0.0	0.0	0.00020418337515290007	
2.774774774774775	0.0	0.0	0.0	0.0	0.0	0.0	0.00020418337515290042	
2.7777777777777777	0.0	0.0	0.0	0.0	0.0	0.0	0.00020418337515290078	
2.780780780780781	0.0	0.0	0.0	0.0	0.0	0.0	0.00020059497917042281	
2.7837837837837838	0.0	0.0	0.0	0.0	0.0	0.0	0.00017849349488120185	
2.7867867867867866	0.0	0.0	0.0	0.0	0.0	0.0	0.00015639201059198092	
2.78978978978979	0.0	0.0	0.0	0.0	0.0	0.0	0.0001342905263027567	
2.7927927927927927	0.0	0.0	0.0	0.0	0.0	0.0	0.00011218904201353578	
2.795795795795796	0.0	0.0	0.0	0.0	0.0	0.0	9.008755772431156e-05	
2.798798798798799	0.0	0.0	0.0	0.0	0.0	0.0	6.798607343509063e-05	
2.8018018018018016	0.0	0.0	0.0	0.0	0.0	0.0	4.58845891458697e-05	
2.804804804804805	0.0	0.0	0.0	0.0	0.0	0.0	2.3783104856645487e-05	
2.8078078078078077	0.0	0.0	0.0	0.0	0.0	0.0	1.6816205674245548e-06	
2.810810810810811	0.0	0.0	0.0	0.0	0.0	0.0	0.0	
2.813813813813814	0.0	0.0	0.0	0.0	0.0	0.0	0.0	
2.8168168168168166	0.0	0.0	0.0	0.0	0.0	0.0	0.0	
2.81981981981982	0.0	0.0	0.0	0.0	0.0	0.0	0.0	
2.8228228228228227	0.0	0.0	0.0	0.0	0.0	0.0	0.0	
2.825825825825826	0.0	0.0	0.0	0.0	0.0	0.0	0.0	
2.828828828828829	0.0	0.0	0.0	0.0	0.0	0.0	0.0	
2.8318318318318316	0.0	0.0	0.0	0.0	0.0	0.0	0.0	
2.834834834834835	0.0	0.0	0.0	0.0	0.0	0.0	0.0	
2.8378378378378377	0.0	0.0	0.0	0.0	0.0	0.0	3.029969434378672e-06	
2.840840840840841	0.0	0.0	0.0	0.0	0.0	0.0	7.450266292223443e-06	
2.843843843843844	0.0	0.0	0.0	0.0	0.0	0.0	1.187056315006756e-05	
2.8468468468468466	0.0	0.0	0.0	0.0	0.0	0.0	1.6290860007911678e-05	
2.84984984984985	0.0	0.0	0.0	0.0	0.0	0.0	2.071115686575645e-05	
2.8528528528528527	0.0	0.0	0.0	0.0	0.0	0.0	2.5131453723600565e-05	
2.855855855855856	0.0	0.0	0.0	0.0	0.0	0.0	2.9551750581445337e-05	
2.858858858858859	0.0	0.0	0.0	0.0	0.0	0.0	3.3972047439289455e-05	
2.8618618618618616	0.0	0.0	0.0	0.0	0.0	0.0	3.839234429713357e-05	
2.864864864864865	0.0	0.0	0.0	0.0	0.0	0.0	3.53547360284974e-05	
2.8678678678678677	0.0	0.0	0.0	0.0	0.0	0.0	2.309147025354905e-05	
2.870870870870871	0.0	0.0	0.0	0.0	0.0	0.0	1.0828204478598887e-05	
2.873873873873874	0.0	0.0	0.0	0.0	0.0	0.0	0.0	
2.8768768768768767	0.0	0.0	0.0	0.0	0.0	0.0	0.0	
2.87987987987988	0.0	0.0	0.0	0.0	0.0	0.0	0.0	
2.8828828828828827	0.0	0.0	0.0	0.0	0.0	0.0	0.0	
2.885885885885886	0.0	0.0	0.0	0.0	0.0	0.0	0.0	
2.888888888888889	0.0	0.0	0.0	0.0	0.0	0.0	0.0	
2.8918918918918917	0.0	0.0	0.0	0.0	0.0	0.0	0.0	
2.894894894894895	0.0	0.0	0.0	0.0	0.0	0.0	0.0	
2.8978978978978978	0.0	0.0	0.0	0.0	0.0	0.0	0.0	
2.900900900900901	0.0	0.0	0.0	0.0	0.0	0.0	0.0	
2.903903903903904	0.0	0.0	0.0	0.0	0.0	0.0	0.0	
2.9069069069069067	0.0	0.0	0.0	0.0	0.0	0.0	0.0	
2.90990990990991	0.0	0.0	0.0	0.0	0.0	0.0	0.0	
2.9129129129129128	0.0	0.0	0.0	0.0	0.0	0.0	0.0	
2.915915915915916	0.0	0.0	0.0	0.0	0.0	0.0	0.0	
2.918918918918919	0.0	0.0	0.0	0.0	0.0	0.0	0.0	
2.9219219219219217	0.0	0.0	0.0	0.0	0.0	0.0	0.0	
2.924924924924925	0.0	0.0	0.0	0.0	0.0	0.0	0.0	
2.9279279279279278	0.0	0.0	0.0	0.0	0.0	0.0	0.0	
2.930930930930931	0.0	0.0	0.0	0.0	0.0	0.0	0.0	
2.933933933933934	0.0	0.0	0.0	0.0	0.0	0.0	0.0	
2.9369369369369367	0.0	0.0	0.0	0.0	0.0	0.0	0.0	
2.93993993993994	0.0	0.0	0.0	0.0	0.0	0.0	0.0	
2.942942942942943	0.0	0.0	0.0	0.0	0.0	0.0	0.0	
2.945945945945946	0.0	0.0	0.0	0.0	0.0	0.0	0.0	
2.948948948948949	0.0	0.0	0.0	0.0	0.0	0.0	0.0	
2.951951951951952	0.0	0.0	0.0	0.0	0.0	0.0	0.0	
2.954954954954955	0.0	0.0	0.0	0.0	0.0	0.0	0.0	
2.957957957957958	0.0	0.0	0.0	0.0	0.0	0.0	0.0	
2.960960960960961	0.0	0.0	0.0	0.0	0.0	0.0	0.0	
2.963963963963964	0.0	0.0	0.0	0.0	0.0	0.0	0.0	
2.966966966966967	0.0	0.0	0.0	0.0	0.0	0.0	0.0	
2.96996996996997	0.0	0.0	0.0	0.0	0.0	0.0	0.0	
2.972972972972973	0.0	0.0	0.0	0.0	0.0	0.0	0.0	
2.975975975975976	0.0	0.0	0.0	0.0	0.0	0.0	0.0	
2.978978978978979	0.0	0.0	0.0	0.0	0.0	0.0	0.0	
2.981981981981982	0.0	0.0	0.0	0.0	0.0	0.0	0.0	
2.984984984984985	0.0	0.0	0.0	0.0	0.0	0.0	0.0	
2.987987987987988	0.0	0.0	0.0	0.0	0.0	0.0	0.0	
2.990990990990991	0.0	0.0	0.0	0.0	0.0	0.0	0.0	
2.993993993993994	0.0	0.0	0.0	0.0	0.0	0.0	0.0	
2.996996996996997	0.0	0.0	0.0	0.0	0.0	0.0	0.0	
3.0	0.0	0.0	0.0	0.0	0.0	0.0	0.0	
