0.0	0.0	0.0	0.0	0.0	0.0	0.0	0.0	0.0	0.0	0.0	
0.003003003003003003	0.0	0.0	0.0	0.0	0.0	0.0	0.0	0.0	0.0	0.0	
0.006006006006006006	0.0	0.0	0.0	0.0	0.0	0.0	0.0	0.0	0.0	0.0	
0.009009009009009009	0.0	0.0	0.0	0.0	0.0	0.0	0.0	0.0	0.0	0.0	
0.012012012012012012	0.0	0.0	0.0	0.0	0.0	0.0	0.0	0.0	0.0	0.0	
0.015015015015015015	0.0	0.0	0.0	0.0	0.0	0.0	0.0	0.0	0.0	0.0	
0.018018018018018018	0.0	0.0	0.0	0.0	0.0	0.0	0.0	0.0	0.0	0.0	
0.02102102102102102	0.00017853565188882955	0.0	0.0	0.0	0.0	0.0	0.0	0.0	0.0	0.0	
0.024024024024024024	0.0006706247154036771	0.0	0.0	0.0	0.0	0.0	0.0	0.0	0.0	0.0	
0.02702702702702703	0.0011627137789185246	0.0	0.0	0.0	0.0	0.0	0.0	0.0	0.0	0.0	
0.03003003003003003	0.0016486653047922885	0.0	0.0	0.0	0.0	0.0	0.0	0.0	0.0	0.0	
0.03303303303303303	0.0019537008353943653	0.0	0.0	0.0	0.0	0.0	0.0	0.0	0.0	0.0	
0.036036036036036036	0.0022587363659964427	0.0	0.0	0.0	0.0	0.0	0.0	0.0	0.0	0.0	
0.03903903903903904	0.003900775434723002	0.0	0.0	0.0	0.0	0.0	0.0	0.0	0.0	0.0	
0.04204204204204204	0.006036024148937539	0.0001369873203480027	0.0	0.0	0.0	0.0	0.0	0.0	0.0	0.0	
0.04504504504504504	0.009129179205596924	0.00030598374068359536	0.0	0.0	0.0	0.0	0.0	0.0	0.0	0.0	
0.04804804804804805	0.013501355144226701	0.00047498016101918806	0.0	0.0	0.0	0.0	0.0	0.0	0.0	0.0	
0.05105105105105105	0.017758291299009302	0.0004921572812934224	0.0	0.0	0.0	0.0	0.0	0.0	0.0	0.0	
0.05405405405405406	0.02121536064583286	0.00034525378066254395	0.0	0.0	0.0	0.0	0.0	0.0	0.0	0.0	
0.057057057057057055	0.024672429992656404	0.00036440779968585754	0.0	0.0	0.0	0.0	0.0	0.0	0.0	0.0	
0.06006006006006006	0.021681045506754097	0.0005113113003167359	0.00015429404377236138	0.0	0.0	0.0	0.0	0.0	0.0	0.0	
0.06306306306306306	0.017308869568124316	0.00046730135848743314	0.0003272899159514236	0.0	0.0	0.0	0.0	0.0	0.0	0.0	
0.06606606606606606	0.014367946800809571	0.0003203978578565552	0.0005002857881304863	0.0	0.0	0.0	0.0	0.0	0.0	0.0	
0.06906906906906907	0.012741090637598491	0.0004971484051249324	0.00040308079898375724	0.0	0.0	0.0	0.0	0.0	0.0	0.0	
0.07207207207207207	0.011871502866192719	0.0007909554063866885	9.520183493138331e-05	0.0	0.0	0.0	0.0	0.0	0.0	0.0	
0.07507507507507508	0.013701716049805183	0.0008441371195762847	0.0	0.0	0.0	0.0	0.0	0.0	0.0	0.0	
0.07807807807807808	0.01553192923341765	0.0008441371195762868	0.0	0.0	0.0	0.0	0.0	0.0	0.0	0.0	
0.08108108108108109	0.017641785416039956	0.0009768777250153621	0.0	0.0	0.0	0.0	0.0	0.0	0.0	0.0	
0.08408408408408408	0.01977703413025449	0.001123781225646239	0.0	0.0	0.0	0.0	0.0	0.0	0.0	0.0	
0.08708708708708708	0.023911564637969417	0.0009803475925929757	0.0	0.0	0.0	0.0	0.0	0.0	0.0	0.0	
0.09009009009009009	0.029300525678606117	0.000897602257647225	0.0	0.0	0.0	0.0	0.0	0.0	0.0	0.0	
0.09309309309309309	0.03719700826739191	0.0016321197608016153	0.0	0.0	0.0	0.0	0.0	0.0	0.0	0.0	
0.0960960960960961	0.05061857161388333	0.0025053631980591013	0.0	0.0	0.0	0.0	0.0	0.0	0.0	0.0	
0.0990990990990991	0.064101379090555	0.004121301704998767	0.0	6.95973696192779e-05	0.0	0.0	0.0	0.0	0.0	0.0	
0.1021021021021021	0.08372533155928864	0.005737240211938431	0.00010320653381096126	0.00015489026973667332	0.0	0.0	0.0	0.0	0.0	0.0	
0.10510510510510511	0.10334928402802229	0.007353178718878089	0.00041108549786333443	0.0002401831698540687	0.0	0.0	0.0	0.0	0.0	0.0	
0.10810810810810811	0.10340399647383039	0.007913625165707951	0.0006475203581359931	0.00021128342747084875	0.0	0.0	0.0	0.0	0.0	6.725622667078837e-06	
0.1111111111111111	0.09537139416797573	0.006297686658768299	0.0008014598401621794	6.160276393666242e-05	0.0	0.0	0.0	0.0	0.0	2.4276732320402625e-05	
0.11411411411411411	0.09232507583118423	0.006191869982482832	0.0005902595595725709	0.0	3.339870443609443e-05	2.3665307136886976e-05	0.0	0.0	0.0	4.182784197372649e-05	
0.11711711711711711	0.09659557325961331	0.008248518991315129	0.00012844111349401006	0.0	0.00010788616513460725	9.360558947231172e-05	0.0	0.0	0.0	5.8108622415527945e-05	
0.12012012012012012	0.10374592059108727	0.00884851130756415	0.0	0.0	0.00018237362583312008	0.00016354587180773648	0.0	0.0	0.0	5.1782321063505534e-05	
0.12312312312312312	0.1359780083247068	0.007967090303778871	0.0	0.0	0.00023452913108068537	0.00023205931559605472	0.0	0.0	0.0	4.545601971148312e-05	
0.12612612612612611	0.16821009605832618	0.011689752285730107	0.00013096661440241696	0.00023749967790483764	0.0001203705968224599	0.00013141650659023583	0.0	0.0	0.0	3.9129718359460734e-05	
0.12912912912912913	0.23414754448185188	0.018741120316012324	0.00028490609642860466	0.0005368610049732138	6.212062564233404e-06	3.077369758441601e-05	0.0	0.0	0.0	3.2803417007438296e-05	
0.13213213213213212	0.30847453543855774	0.02305720313811022	0.0002880381271781392	0.0002998790975221204	0.0	0.0	0.0	0.0	0.0	2.6477115655415906e-05	
0.13513513513513514	0.32143151257574476	0.02599527315072782	0.00027132932105343894	5.177704537463832e-07	0.0	0.0	0.0	0.0	0.0	2.015081430339346e-05	
0.13813813813813813	0.27262582767941257	0.023647740659114243	0.00011738983902725267	0.0	0.0	3.825358925607744e-05	0.0	0.0	0.0	1.3824512951371078e-05	
0.14114114114114115	0.23660191405404243	0.01953444264144956	0.0	0.0	0.0	0.00013889639826189726	0.0	0.0	0.0	7.4982115993486336e-06	
0.14414414414414414	0.2529721541963538	0.0177494935483667	0.0	0.0	0.0	0.0002262630730862122	0.0	0.0	0.0	1.1719102473262502e-06	
0.14714714714714713	0.26934239433866525	0.016427362042688808	0.0	6.0826108256041125e-05	0.0	0.0001256202640803933	0.0	3.677044673731028e-05	0.0	1.0308782209392263e-05	
0.15015015015015015	0.30379817119522257	0.01955932771126748	0.0	0.0003601874353244151	4.876794486521024e-05	2.4977455074573485e-05	0.0	9.072096545570585e-05	0.0	2.2961384913437155e-05	
0.15315315315315314	0.3404024348674723	0.023096445081982407	0.00015246263349480337	0.00047655266717091843	0.00016292647912343546	0.0	0.0	0.00014467148417410093	0.0	3.561398761748193e-05	
0.15615615615615616	0.4340244591363407	0.030000909611633757	0.00046034159754717875	0.0001771913401025415	0.0002190014748704329	0.0	0.0	0.00015859822530747637	0.0	4.826659032152682e-05	
0.15915915915915915	0.5670199504788458	0.03703462477947752	0.0005760762543562784	0.00012216998696583142	0.0001048429406122067	0.0	0.0	9.870210968766323e-05	4.110252192343844e-05	6.09191930255716e-05	
0.16216216216216217	0.6755181278941871	0.04540812431543753	0.0005760762543562784	0.0004215313140342054	9.31559364602054e-06	0.0	0.0	3.880599406784954e-05	8.60167584955463e-05	7.357179572961648e-05	
0.16516516516516516	0.7238154202395158	0.053173151246063616	0.0006919892448521496	0.0004916297516214898	0.0001234741279042472	0.0	0.0	0.0	0.00013093099506765376	8.622439843366126e-05	
0.16816816816816815	0.7721127125848446	0.05802096676688255	0.0008459287268783359	0.000341949088087302	0.00023763266216247382	0.0	0.0	0.0	0.00012523761213983504	9.887700113770604e-05	
0.17117117117117117	0.8788138640332301	0.062453191434823994	0.0011356220362746293	0.0001922684245531146	0.00014429529183139538	0.0	0.0	0.0	8.366283272284322e-05	0.00011152960384175093	
0.17417417417417416	0.9862880493153616	0.06568506844870363	0.0014418458181088489	4.258776101892972e-05	3.0136757573168745e-05	0.0	0.0	0.0	4.208805330585178e-05	0.00010959857403647777	
0.17717717717717718	1.1729127800231194	0.0748918102779429	0.0015957853001350366	0.000535464512576288	0.0	0.0	0.0	0.0	5.132738888599425e-07	9.694597133243289e-05	
0.18018018018018017	1.3959954314034375	0.09560520386689642	0.0018357088585307742	0.0012838678302472197	0.0	0.0	0.0	0.0	0.0	8.429336862838814e-05	
0.1831831831831832	1.6537172398227649	0.11832297855764956	0.0026054062686617124	0.0010528401703765102	0.0	0.0	0.0	0.0	0.0	7.164076592434328e-05	
0.18618618618618618	1.9673954437918997	0.14373728416679127	0.003333766822826021	0.0006037981797739569	0.0	0.0	0.0	0.0	0.0	5.898816322029852e-05	
0.1891891891891892	2.274398894907944	0.16712483826340968	0.003949524750930772	0.0004302858729117006	0.0	0.0	0.0	0.0	0.0	4.633556051625366e-05	
0.1921921921921922	2.5047007205125116	0.1885727493555187	0.004381749600512945	0.0002908656534177493	0.0	0.0	0.0	0.0	0.0	3.368295781220891e-05	
0.19519519519519518	2.735002546117079	0.21387034506606428	0.004535689082539131	0.0005902269804861234	2.4843249856273193e-05	0.0	0.0	0.0	0.0	2.1030355108164154e-05	
0.1981981981981982	3.1696514218546668	0.24178201018593046	0.006228980629152069	0.0010021250136996623	0.00013900178411449947	0.0	0.0	0.0	0.0	8.377752404119292e-06	
0.2012012012012012	3.662690517817823	0.2868800518119138	0.009307770269675794	0.002199570321973147	0.00024292616987937017	0.0	0.0	0.0	0.0	0.0	
0.2042042042042042	4.065131273445375	0.34005911904029174	0.011075388144538298	0.002987910581826962	0.00012876763562114291	0.0	9.265925862894333e-06	0.0	0.0	0.0	
0.2072072072072072	4.367624841292433	0.37627352425714466	0.012152964518721601	0.0023891879276902086	1.460910136291674e-05	0.0	6.329307566918278e-05	0.0	0.0	0.0	
0.21021021021021022	4.710441008142304	0.40727016289026	0.013954742113686285	0.001988177501736479	9.954943289531088e-05	0.0	0.00011732022547547173	0.0	0.0	0.0	
0.2132132132132132	5.245778364348947	0.45748241585609256	0.01595595538002671	0.001988177501736489	0.00021370796715353753	0.0	0.00017134737528176017	0.0	0.0	0.0	
0.21621621621621623	5.781115720555595	0.5111021935863658	0.023016646098527674	0.0026358177689685108	0.00024804324412604814	0.0	0.00012937242229955448	0.0	0.0	0.0	
0.21921921921921922	6.516221549821788	0.6367544271874637	0.030469487185208845	0.004132624404310364	0.00024804324412604765	0.0	6.931575350748098e-05	0.0	0.0	0.0	
0.2222222222222222	7.280945625041192	0.7651596709504745	0.035857369056125465	0.005469231046850936	0.00024804324412604743	0.0	9.259084715407473e-06	0.0	0.0	0.0	
0.22522522522522523	7.501243943574477	0.7700074864712935	0.041429233551462656	0.006666676355124463	0.00024804324412604743	0.0	0.0	0.0	0.0	0.0	
0.22822822822822822	7.308461488233965	0.7821610242038308	0.04789469179656247	0.007864121663397939	0.00032878505625909846	0.0	0.0	0.0	0.0	0.0	
0.23123123123123124	7.189272419464821	0.8578163270287378	0.054314025972728046	0.009061566971671405	0.0005571021247755543	0.0	0.0	0.0	0.0	0.0	
0.23423423423423423	7.27285215484979	0.925389206855442	0.06062554473580168	0.009372836793900526	0.0006821955410073516	0.0	0.0	0.0	0.0	0.0	
0.23723723723723725	7.356431890234759	0.9580017839954927	0.06588162500593865	0.009372836793900526	0.00033971993823266836	0.0	0.0	0.0	0.0	0.0	
0.24024024024024024	7.10586814631228	0.989774087656108	0.06973011205659332	0.00962505260476655	2.7556645420116277e-06	0.0	0.0	0.0	0.0	0.0	
0.24324324324324323	6.84282584042309	1.019301691282914	0.07838372069748356	0.00992441393183497	0.0003452312673166916	0.0	0.0	0.0	0.0	0.0	
0.24624624624624625	7.127251126442866	1.117789189176506	0.09085281874160475	0.01192110176022855	0.0006877068700913748	0.0	0.0	0.0	0.0	0.0	
0.24924924924924924	7.691566858056695	1.3404948961329155	0.11557692001433925	0.014236705668571778	0.0006487788188821741	0.0	0.0	0.0	0.0	0.0	
0.25225225225225223	8.08755871249528	1.5633303409806019	0.14590299797349782	0.020972335527610235	0.0005346202846239455	0.0	0.0	0.0	0.0	0.0	
0.2552552552552553	8.18354322612475	1.7863298549382867	0.1645587462045511	0.026451596934504586	0.000496086488252094	0.0	0.0	0.0	0.0	0.0	
0.25825825825825827	8.27836039134229	1.9291724762962188	0.18056845233527463	0.024805109635628396	0.000496086488252096	0.0	0.0	0.0	0.0	0.0	
0.26126126126126126	8.353907524421402	1.9998330600996617	0.19759545623913624	0.024669467161095998	0.000440187925975317	0.0	0.0	0.0	0.0	0.0	
0.26426426426426425	8.429454657500516	2.3019838044841956	0.21808531001456186	0.02901020640358736	0.00032602939171708935	0.0	0.0	0.0	0.0	0.0	
0.26726726726726724	8.986527756976397	2.75165541991531	0.2818162555734036	0.035634550528378474	0.0002842156307932306	0.0	0.0	0.0	0.0	0.0	
0.2702702702702703	9.700005863054667	3.3345343254646744	0.35169914924774415	0.04641155830284025	0.0003983741650514594	0.0	0.0	0.0	0.0	0.0	
0.2732732732732733	10.152316111938811	3.975768105718452	0.44591011224776916	0.05445084367876217	0.000512532699309686	0.0	0.0	0.0	0.0	0.0	
0.27627627627627627	10.288666994117976	4.245072637580363	0.5176691999290136	0.05924062491185587	0.0006266912335679128	9.799999984482671e-06	0.0	0.0	0.0	0.0	
0.27927927927927926	10.291613591163387	4.409457654786337	0.5439928513554917	0.06436552226351362	0.0007408497678261395	0.00011044280899030157	0.0	0.0	0.0	0.0	
0.2822822822822823	9.540006043759815	4.506528033087105	0.5930986850279181	0.06975402615074475	0.0010767654414968136	0.0002110856179961223	0.0	0.0	0.0	0.0	
0.2852852852852853	8.788398496356256	4.59305419495867	0.6689908496668272	0.07861155501411868	0.0014192410442714937	0.00015407385335198712	0.0	0.0	0.0	0.0	
0.2882882882882883	7.939709913204157	4.646394418885341	0.7123601432272191	0.08923888212504555	0.0013059546765630359	5.343104434616823e-05	0.0	0.0	0.0	0.0	
0.2912912912912913	7.073612363314663	4.6899254055628745	0.7329880338187282	0.08910781815036507	0.0010776376080465825	0.0	0.0	0.0	0.0	0.0	
0.29429429429429427	6.3095440766428865	4.503651766762922	0.7602419519617193	0.08566516288907924	0.000777894321043096	0.0	0.0	0.0	0.0	0.0	
0.2972972972972973	5.630433307012453	4.3364713995428215	0.7901062114747996	0.09325439741502115	0.00043541871826840875	0.0	0.0	0.0	0.0	0.0	
0.3003003003003003	4.992298704393439	4.311497804435594	0.8508455581554284	0.10253459855414027	0.00035144332988092466	0.0	0.0	0.0	0.0	0.0	
0.3033033033033033	4.481567547655363	4.299792817774761	0.9171934749087153	0.11370139750181912	0.0005797603983973771	0.0	0.0	0.0	0.0	0.0	
0.3063063063063063	3.970836390917287	4.34019128044823	0.976035618348337	0.12420530689578616	0.0007761035996459865	0.0	0.0	0.0	0.0	0.0	
0.30930930930930933	3.5798081642862227	4.429256051130446	1.042534803349708	0.1254027522040603	0.0008902621339042112	0.0	0.0	0.0	0.0	0.0	
0.3123123123123123	3.196276823809212	4.6388873465307086	1.1766160921945201	0.12900270245610587	0.0010289160514789326	0.0001590240215084824	0.0	0.0	0.0	0.0	
0.3153153153153153	2.960894194514426	4.905597275268626	1.3227814117837988	0.14397076880952386	0.0013713916542536135	0.00046095244852593914	0.0	0.0	0.0	0.0	
0.3183183183183183	2.8092915358051944	5.268595825327551	1.5087403060714337	0.16453460593254088	0.0017138672570282945	0.0006559184505225571	0.0	0.0	0.0	0.0	
0.3213213213213213	2.6822874787606854	5.846183315315093	1.7563017356849402	0.19970956186307545	0.0019496628094960962	0.0004546328325109193	0.0	0.0	0.0	0.0	
0.32432432432432434	2.603791668885749	6.678979260391531	2.1125176970935384	0.23227235611139893	0.0021779798780125537	0.0002533472144992777	0.0	0.0	0.0	0.0	
0.32732732732732733	2.5220497750930204	7.486325943629771	2.4779494569748914	0.26056200151935904	0.0026671585706208633	0.00014248136833230207	0.0	0.0	0.0	0.0	
0.3303303303303303	2.3485862366906396	8.272112768504332	2.852946035190685	0.28856315855450526	0.0032379512419119963	4.1838559326483175e-05	0.0	0.0	0.0	0.0	
0.3333333333333333	2.175122698288259	8.468915619112668	3.1067144190927984	0.3162540813083311	0.0031364669223262276	5.880424967933573e-05	0.0	0.0	0.0	0.0	
0.3363363363363363	1.8802102930364926	8.31378552244646	3.2860539156533037	0.3264533914859114	0.002565674251035094	0.00015944705868515462	0.0	0.0	0.0	0.0	
0.33933933933933935	1.5408074259865765	8.105523528960658	3.388886664566867	0.3242081815328969	0.002374893767568723	0.00023290114017696418	0.0	0.0	0.0	0.0	
0.34234234234234234	1.2674930357099314	7.875619550473376	3.4660103450619872	0.32371047013338095	0.0027173693703433912	0.00023290114017696418	0.0	0.0	0.0	0.0	
0.34534534534534533	1.0819297545936684	7.748277234490053	3.6012106177747545	0.32400983146044937	0.0028098668423015487	0.00023290114017696418	0.0	0.0	0.0	0.0	
0.3483483483483483	0.9088053152764474	7.6473545295566	3.7461021397899033	0.3558499033845615	0.0021249156367522063	0.00013668512582246047	0.0	0.0	0.0	0.0	
0.35135135135135137	0.8209550824630478	7.745333398673072	4.140956911187082	0.39611400187526	0.0015043578092741041	3.60423168166397e-05	0.0	0.0	0.0	0.0	
0.35435435435435436	0.73310484964965	7.870495181210578	4.49316341270199	0.3983402983705894	0.0017326748777905495	0.0	0.0	0.0	0.0	0.0	
0.35735735735735735	0.6462612413621227	7.549400400431221	4.572442245945475	0.39594540775404036	0.001960991946306995	0.0	0.0	0.0	0.0	0.0	
0.36036036036036034	0.5596311506711331	7.210427866252399	4.700535569215692	0.4112579481868234	0.0031116427929912902	0.0	0.0	0.0	0.0	0.0	
0.36336336336336333	0.5017013040878744	6.844491246180917	4.96469572037263	0.4283087255248169	0.00436738666983178	0.0	0.0	0.0	0.0	0.0	
0.3663663663663664	0.4699776089052579	6.535220572100066	5.3159552908153955	0.46063974884820397	0.004133534151309319	1.3694478585282976e-06	0.0	0.0	0.0	0.0	
0.36936936936936937	0.4429828084269383	6.593541261850492	5.801788296090034	0.5065266860939202	0.0033344244115017328	0.000102012256864348	0.0	0.0	0.0	0.0	
0.37237237237237236	0.4327132788966684	6.659393498052721	6.402006301033991	0.6069624113253567	0.00366983990608441	0.0002026550658701677	0.0	0.0	0.0	0.0	
0.37537537537537535	0.42244374936639845	6.752236510451435	7.107049128713892	0.7042842226476427	0.004925583782924903	0.00016250440547794153	0.0	0.0	0.0	0.0	
0.3783783783783784	0.4012518537271013	6.638216552886941	7.453092060790171	0.794391982095228	0.006354539676080425	6.186159647212077e-05	0.0	0.0	0.0	0.0	
0.3813813813813814	0.3790859385033505	6.047811383851475	7.60641578488829	0.8647881004368934	0.008066917689953788	0.0	0.0	0.0	0.0	0.0	
0.3843843843843844	0.34733965601135386	5.51840843553773	7.606849038668241	0.9060999635723245	0.010062217645457078	0.0	0.0	0.0	0.0	0.0	
0.38738738738738737	0.3096169287268971	5.085483819178503	7.564053862664961	0.9656040970543343	0.013144498070429209	0.0	0.0	0.0	0.0	0.0	
0.39039039039039036	0.2771862818698281	4.686255049589848	7.7085165717543225	1.042839319437979	0.016238330453980026	0.0	0.0	0.0	0.0	0.0	
0.3933933933933934	0.2563421872786858	4.3247255345372535	7.869109166937305	1.1675569689009238	0.01966308648172689	0.0	0.0	0.0	0.0	0.0	
0.3963963963963964	0.23558840751138435	4.076271454063199	7.959163763922624	1.3227758169858697	0.02308784250947369	0.0	0.0	0.0	0.0	0.0	
0.3993993993993994	0.22277691522609716	3.9179094803831136	8.02017229549871	1.505464716046948	0.026905730583253275	0.0	0.0	0.0	0.0	0.0	
0.4024024024024024	0.20996542294080994	3.6245747544615448	7.935505580384306	1.6993011753237175	0.03078712074803298	0.00017830982017415895	0.0	0.0	0.0	0.0	
0.40540540540540543	0.20126277331068695	3.2557000643774217	7.830939612508198	1.865121556440927	0.037418000169263735	0.000580881056197442	0.0	0.0	0.0	0.0	
0.4084084084084084	0.1942469561068392	3.0300118740222817	7.678847404266327	2.0245314631048448	0.04529493903308118	0.000944566493586072	0.0	0.0	0.0	0.0	
0.4114114114114114	0.19128326072979324	2.8584285852853997	7.769505188498483	2.40556769809736	0.059643250528689615	0.0010452093025918908	0.0	0.0	0.0	0.0	
0.4144144144144144	0.1942319375256133	2.8463654138507803	8.189913913912001	2.807572836101969	0.0800776281609122	0.00114585211159771	0.0	0.0	0.0	0.0	
0.4174174174174174	0.19710633448678516	2.871632815959291	8.46426743114784	3.2468855835748203	0.0998472295535848	0.001492462579759652	0.0	0.0	0.0	0.0	
0.42042042042042044	0.1993432617112004	2.8115743546029726	8.620516005404422	3.6920744860834316	0.11834091210341786	0.0018950338157829347	0.0	0.0	0.0	0.0	
0.42342342342342343	0.20158018893561563	2.741501384802058	8.587426491086429	4.179883768541326	0.13728029576185627	0.0018442417738257617	0.0	0.0	0.0	0.0	
0.4264264264264264	0.19533558978784984	2.502920594051322	8.465968239767768	4.604330080514982	0.1583996245996275	0.0013410277287966672	0.0	0.0	0.0	0.0	
0.4294294294294294	0.1869979519513931	2.2615210933071226	7.918957567280424	4.808793866902679	0.1795189534373987	0.0009878790868720273	0.0	0.0	0.0	0.0	
0.43243243243243246	0.18191256123414623	2.0302949833141177	7.272565682252463	5.05938142150172	0.17890044474094757	0.0012898075138894896	0.0	0.0	0.0	0.0	
0.43543543543543545	0.18008234805053377	1.8226047790258564	7.19170160628533	5.405293434929249	0.17821549353539892	0.0015917359409069463	0.0	0.0	0.0	0.0	
0.43843843843843844	0.1795372282609222	1.7495937392123104	7.122017639027989	5.859673273658417	0.2077316642967918	0.002244806216838608	0.0	0.0	0.0	0.0	
0.44144144144144143	0.18421443973015403	1.6557740291829743	6.709459827197815	6.458695289122201	0.24369160258813322	0.0029493058798793406	0.0	0.0	0.0	0.0	
0.4444444444444444	0.18889165119938586	1.4935925644864931	6.297570341488172	7.055809780753596	0.27972589919597385	0.0029797662621613747	0.0	0.0	0.0	0.0	
0.44744744744744747	0.18492183750368918	1.3367359407747896	5.888399198262558	7.6512394602926355	0.31579999602157416	0.002476552217132271	0.0	0.0	0.0	0.0	
0.45045045045045046	0.17993959050385527	1.191301475150213	5.448192529553669	8.05362350045101	0.3514916678609453	0.002538089783754883	0.0	0.0	0.0	0.0	
0.45345345345345345	0.17411335993605298	1.0504205656749728	4.943886786435887	8.344303349034359	0.38676665494673573	0.004349660345859623	0.0	0.0	0.0	0.0	
0.45645645645645644	0.16770761379340937	0.9162976695989821	4.429142083385961	8.362466904594694	0.4237171283659704	0.006161230907964364	0.0	0.0	0.0	0.0	
0.45945945945945943	0.15964719288845022	0.7896175391651463	3.9018993574462684	8.28283679159455	0.4644717250961586	0.006194749080039641	0.0	0.0	0.0	0.0	
0.4624624624624625	0.14754745017456766	0.6707726071547678	3.4178989983877734	8.196932275158497	0.5054995580404159	0.0060941062710338206	0.0	0.0	0.0	0.0	
0.46546546546546547	0.1354477074606853	0.5929162667837693	2.9647011633026854	8.109818128981559	0.5483090083872509	0.006303294374893343	0.0	0.0	0.0	0.0	
0.46846846846846846	0.14023020021879212	0.5457602430812541	2.6920286015899912	8.399689933585753	0.5911184587340859	0.006705865610916619	5.780671715120256e-05	0.0	0.0	0.0	
0.47147147147147145	0.145212447218626	0.5136458917997062	2.492061214437961	8.728458507285522	0.6987086887375131	0.007017384865716668	0.00011786338594327588	0.0	0.0	0.0	
0.4744744744744745	0.1529848030144875	0.48940681419561105	2.3504060172639076	9.392890972713833	0.8089858328309621	0.007118027674722489	0.0001779200547353503	0.0	0.0	0.0	
0.4774774774774775	0.16203419042234912	0.47224291759144643	2.2197113970236897	10.022091705685149	0.9765203415403656	0.007218670483728307	0.00012184409418245844	0.0	0.0	0.0	
0.4804804804804805	0.17100554594432213	0.4575525675283587	2.115165886005655	10.44478989950564	1.159516471956298	0.007716825081727071	6.178742539038551e-05	0.0	0.0	0.0	
0.48348348348348347	0.17985157633178234	0.4392239104693691	2.0018633022186574	10.749607069535928	1.3672088509514069	0.008220039126756166	1.7307565983125644e-06	0.0	0.0	0.0	
0.48648648648648646	0.18782829429051295	0.42012645538735716	1.8022037940306919	10.697368517962552	1.5903887854262426	0.009671927122946	0.0	0.0	0.0	0.0	
0.4894894894894895	0.18599808110690044	0.3745554377745834	1.604372900838306	10.392036429675873	1.7806859986893906	0.011584140494056594	0.0	0.0	0.0	0.0	
0.4924924924924925	0.184167867923288	0.32637108956765315	1.4127182457157061	9.61803771854054	1.92943456882786	0.013351766253496811	0.0	0.0	0.0	0.0	
0.4954954954954955	0.1798025859642451	0.28914670306093526	1.2414710057534666	9.027568649512132	2.1249812864885564	0.014861408388584095	5.8585509715040956e-05	0.0	0.0	0.0	
0.4984984984984985	0.1747186604542105	0.2526795544078182	1.1069278984625783	8.658605813900408	2.4477074628365525	0.016425427092698487	0.00011864217850711428	0.0	0.0	0.0	
0.5015015015015015	0.1763255438182376	0.22432717878605657	0.9863063976654134	8.226026195701309	2.780646220536712	0.019142782935855626	0.00017869884729918869	0.0	0.0	0.0	
0.5045045045045045	0.18527325271589834	0.19725132114105803	0.8803960340314047	7.742557652485892	3.209539833744865	0.021860138779012665	0.00023875551609126198	0.0	0.0	0.0	
0.5075075075075075	0.19352881514610215	0.17668483105273486	0.8173794175748302	7.472232641141306	3.638433446953034	0.027814075996250968	0.00029881218488333756	0.0	0.0	0.0	
0.5105105105105106	0.19851106214593614	0.15987920120791033	0.781203639298667	7.312673053813784	4.3030319344257935	0.034959715435664354	0.00035886885367541305	0.0	0.0	0.0	
0.5135135135135135	0.20349330914576996	0.154443771684568	0.7554500018870084	7.099612834315008	4.987184030235333	0.04176980971165796	0.0005371349319826796	0.0	0.0	0.0	
0.5165165165165165	0.21450641348793675	0.1444078724020735	0.7332827164752453	6.86970333512657	5.4944772224127085	0.04811030667902457	0.0007173049383588988	0.0	0.0	0.0	
0.5195195195195195	0.22640279918141748	0.12516351381942897	0.6982159247566078	6.217159078334869	5.943006103513272	0.055287341130620976	0.0008974749447351114	0.0	0.0	0.0	
0.5225225225225225	0.22439063248914085	0.1050599874300344	0.6611638626713159	5.49749444806248	6.2530822627203175	0.0697799056274594	0.0011963735556691012	0.0	0.0	0.0	
0.5255255255255256	0.2118841757344555	0.08375897983855758	0.5637201705487452	4.740692528380046	6.461992380412825	0.08427247012429781	0.0014966568996294788	0.0	0.0	0.0	
0.5285285285285285	0.2032151079555519	0.066885797674473	0.47243076544631607	4.008057495801373	6.829951249298356	0.12074634471955431	0.0017969402435898453	0.0	0.0	0.0	
0.5315315315315315	0.20504532113916438	0.054399000120847245	0.4220925548237472	3.6256234004714827	7.431566724839325	0.16311696731100417	0.0021568474873503696	0.0	0.0	0.0	
0.5345345345345345	0.2068755343227768	0.04389537875999188	0.37435128178856036	3.2540244028100473	8.009403693326421	0.2223873332322458	0.0025171875001027974	0.0	0.0	0.0	
0.5375375375375375	0.2050739289642657	0.03478736172087734	0.33401913749770296	2.9352045894822614	8.508618963637531	0.30038551021175813	0.0028775275128552387	0.0	0.0	0.0	
0.5405405405405406	0.20314203727045255	0.027455098920488436	0.2909364819564834	2.6022574864265935	8.99836551373163	0.3849138528289088	0.0036570520068577514	0.0	0.0	0.0	
0.5435435435435435	0.19810880345345286	0.02099134489272997	0.24352312149241562	2.2316481635159517	9.33821547021843	0.503672367455771	0.004437788701154685	0.0	0.0	0.0	
0.5465465465465466	0.19149970029040775	0.016193805484954183	0.19642829926718156	1.879180551244928	9.67806542670524	0.6224308820826376	0.005219994638312585	0.0	0.0	0.0	
0.5495495495495496	0.1807453385773459	0.01193360396665867	0.1496306967312224	1.5569180826558016	9.645241349937798	0.8009655058434402	0.00702169470207485	0.0	0.0	0.0	
0.5525525525525525	0.16264656376162304	0.009896563297596772	0.11626227273388147	1.2824191214003333	9.56475958328575	0.9903752723923909	0.008823394765837048	0.0	0.0	0.0	
0.5555555555555556	0.14533873024036495	0.008280624790657179	0.09024650027145412	1.0601433360520789	9.88324763706111	1.255056135349989	0.010635129513185062	0.0	0.0	0.0	
0.5585585585585585	0.1407631972813339	0.00680062318118898	0.07449192388629695	0.9035172496844964	10.36168605413733	1.58596969136111	0.014178472971917214	0.0	0.0	0.0	
0.5615615615615616	0.1361876643223027	0.005328665458392796	0.06171494687812415	0.7944000459680715	10.362266010236933	1.9099126529386379	0.017721816430649497	2.2547380748055262e-05	0.0	0.0	
0.5645645645645646	0.12615303648407614	0.003565823450822239	0.048937969869949964	0.6723067193796659	9.957459847757253	2.2088217956859304	0.02127969479561867	8.244349636787025e-05	0.0	0.0	
0.5675675675675675	0.11435832930079608	0.0019002066807781689	0.036332979317858116	0.5441800713944036	9.650094483956776	2.5077309384332116	0.026264398305360807	0.00014233961198768303	0.0	0.0	
0.5705705705705706	0.10528658323303941	0.0011656891776237704	0.028789944698575237	0.4471936172718845	9.509907803887598	2.9819866589762563	0.031249101815103132	0.00015707472705701718	0.0	0.0	
0.5735735735735735	0.09949090815160007	0.0006153926418167711	0.021645298272142333	0.35873234512317753	9.31062085545814	3.4749351374867405	0.03625976188327962	9.71786114372044e-05	0.0	0.0	
0.5765765765765766	0.09327902519850613	0.0009091996430785306	0.016565295365277857	0.2851498401165683	8.868028218139134	4.005737350943789	0.04304616545678392	3.72824958173894e-05	0.0	0.0	
0.5795795795795796	0.08473803034164784	0.0010480256745297979	0.01161951275519555	0.21345280228369598	8.43245693773076	4.562895941600021	0.049832569030288223	0.0	0.0	0.0	
0.5825825825825826	0.07619703548478987	0.0007542186732680492	0.007001328294410185	0.19480495799596567	8.300033037991087	5.1685581461415815	0.05677869649507015	0.0	0.0	0.0	
0.5855855855855856	0.07128302789121016	0.000562758079717522	0.0043205719076721116	0.176057076801502	8.167609138251407	5.90184165255798	0.07209314703704903	0.0	0.0	0.0	
0.5885885885885885	0.06701253046278118	0.000562758079717522	0.004320571907672066	0.15106040599129175	7.962228762740853	6.635125158974351	0.08740759757902736	0.0	0.0	0.0	
0.5915915915915916	0.06385443428726158	0.0004991569144589141	0.0044894154530237115	0.1260637351810812	7.743957645239188	7.437193391747212	0.10279957528580043	0.0	0.0	0.0	
0.5945945945945946	0.06161750706284631	0.0003522534138280373	0.0047972944170761355	0.1010670643708732	7.384786102083039	8.242033935366774	0.12147719928013612	0.0	0.0	0.0	
0.5975975975975976	0.058559431410691344	0.00020534991319716143	0.003749759456977814	0.07749469277259702	6.95840397662857	8.712115965486948	0.14015482327447112	4.535971771357857e-05	0.0	0.0	
0.6006006006006006	0.05296711334965318	5.844641256627607e-05	0.0020564251546896823	0.057287803195481296	6.38477252806305	8.999652470816574	0.1590494567443447	0.00016515194895320854	0.0	0.0	
0.6036036036036035	0.04737479528861522	0.0	0.0009836080845231074	0.041329931341937874	5.666372871976043	9.268522461677273	0.18565456101923122	0.0002849441801928341	0.0	0.0	
0.6066066066066066	0.044082277681978296	0.0	5.997119236599122e-05	0.031750368875749405	5.01063304870105	9.500000922390663	0.21225966529411872	0.0003365974762805407	0.0	0.0	
0.6096096096096096	0.040930243865756784	0.0	0.00014394428329852374	0.023448888334933173	4.4812799253456435	9.731754458418795	0.23953674343996484	0.00027670136066072575	0.0	0.0	
0.6126126126126126	0.03921015137302921	0.0	0.0003077294034712721	0.01641389714882689	3.992243863971942	9.977826126438014	0.28734185179845595	0.00021680524504091297	0.0	0.0	
0.6156156156156156	0.03829504478122297	0.00011331301087059193	0.0006156083675236472	0.012818561820117726	3.717007637875325	10.223897794457242	0.3351469601569489	0.00036162401062153203	0.0	0.0	
0.6186186186186187	0.03658985449394287	0.0002602165115014717	0.0008047414314927967	0.011471435848310013	3.441771411778708	10.325070999130197	0.38490977014533456	0.0008407929355800452	0.0	2.8892315385312003e-05	
0.6216216216216216	0.03333614216752078	0.0002090534175539978	0.000496862467440439	0.009595043731089051	3.0088606965719835	10.365529408350536	0.4870661637606485	0.0013199618605385407	0.0	6.68501234974454e-05	
0.6246246246246246	0.03019448517108906	0.00012455520738620057	0.0002602089426012152	0.007499514441610311	2.5736883639796697	10.427646986102912	0.5892225573759662	0.0015941178285519542	0.0	0.00010480793160958018	
0.6276276276276276	0.030092806660888368	4.005699721840647e-05	0.00017371100651168502	0.004919228357091422	2.2894382143808354	10.523559583085454	0.6964014231487676	0.001534221712932143	0.0	0.0001427657397217136	
0.6306306306306306	0.029991128150687673	0.0	8.721307042215172e-05	0.002224976413476118	2.039887658492308	10.626573108563248	0.9230552911700551	0.0014743255973123292	0.0	0.00018072354783384836	
0.6336336336336337	0.028621990478242314	0.0	7.151343326183618e-07	0.0014420768279863176	1.8630635382404122	10.81537901825817	1.1497091591913424	0.0019163008949341217	3.7148070518871596e-05	0.00021868135594598317	
0.6366366366366366	0.026791777294629893	0.0	0.0	0.0008586174959151877	1.7271007239388971	11.004184927953087	1.3801639898029083	0.00317411932295018	7.872284993586238e-05	0.00025663916405811656	
0.6396396396396397	0.02474246588925682	0.0	0.0	0.0013076594865177595	1.5486054311938202	10.558511471624776	1.6919181575025743	0.004431937750966286	0.00012029762935285472	0.00029459697217025136	
0.6426426426426426	0.022403860154640947	0.0	0.0	0.00161656992305432	1.3216582650884439	9.915001350841592	2.003672325202229	0.006420810786749019	0.00018648841073929813	0.00033255478028238475	
0.6456456456456456	0.019973674348254925	0.0	0.0	0.0008681666053833644	1.1177878260936367	9.335089390491206	2.3271091700759903	0.009595304914599213	0.0003112127489902734	0.0003771263942348902	
0.6486486486486487	0.016923319042234104	0.0	0.0	0.00028402535739092293	0.9691534144894279	8.833485630406187	2.8773483695489537	0.012769799042449407	0.0004359370872412487	0.00042773680505107025	
0.6516516516516516	0.013872963736213401	0.0	0.0	0.00028402535739092586	0.8305922815223765	8.351320320741744	3.427587569021897	0.017957607860050125	0.0005606614254922193	0.0004783472158672484	
0.6546546546546547	0.013595420251313377	0.0	0.0	0.0002840253573909278	0.7646086487211334	7.994742848434126	3.9807978498668266	0.026402960162444034	0.0008596420289486467	0.0005289576266834285	
0.6576576576576576	0.013900455781915446	0.0	0.0	0.0002840253573909278	0.6986250159198928	7.638165376126522	4.586769637978864	0.03484831246483763	0.0012338150437015618	0.0005795680374996066	
0.6606606606606606	0.012020690541488663	0.0	0.0	0.00022050100410033515	0.6276574796797555	7.049137957098248	5.192741426090924	0.043041636116213484	0.0016079880584544907	0.0006301784483157866	
0.6636636636636637	0.008156907153862296	0.0	0.0	7.082034056614457e-05	0.5564225543026099	6.409049691821218	5.791579693724974	0.05082813114678891	0.0019401346598731158	0.0006807888591319666	
0.6666666666666666	0.005127512495143863	0.0	0.0	7.886032296803892e-05	0.4994553766883877	5.839917867782636	6.273774687456501	0.05861462617736406	0.001898559880456125	0.0007313992699481448	
0.6696696696696697	0.005025833984943169	0.0	0.0	0.0002285409865022266	0.44659997532683626	5.340125678259738	6.755969681188045	0.07429413759348642	0.0018569851010391326	0.0007820096807643249	
0.6726726726726726	0.004924155474742479	0.0	0.0	0.000230349252606658	0.4002205512822805	4.85456640815212	7.2337108876753575	0.1026848963972775	0.0018154103216221418	0.0008038453724954143	
0.6756756756756757	0.004635491404598708	0.0	0.0	0.0001450563524892611	0.35809605214098744	4.429048611675504	7.644018048862808	0.13107565520106962	0.00212977051288187	0.0007532349616792342	
0.6786786786786787	0.004330455873996626	0.0	0.0	5.976345237186423e-05	0.31592238579959625	4.0035308151988875	8.054325210050258	0.16311990560649153	0.0027949669835537474	0.000702624550863054	
0.6816816816816816	0.0035861283222885405	0.0	0.0	0.0	0.2736837281240584	3.567062196119533	8.445080701109093	0.20103414679383302	0.0034601634542256003	0.0006520141400468757	
0.6846846846846847	0.002569343220281601	0.0	0.0	0.0	0.23329985499161407	3.129064691326208	8.56038950518991	0.23894838798117593	0.0041253599248974775	0.0006014037292306956	
0.6876876876876877	0.0017446734746271956	0.0	0.0	0.0	0.19825318497433403	2.7630163944124058	8.675698309270729	0.2894956978851366	0.00505426082326322	0.0005507933184145154	
0.6906906906906907	0.001337959433824435	0.0	0.0	0.0	0.16415857014768964	2.4527346142474666	8.800848121765299	0.3602929065477553	0.0060104807498539865	0.0005001829075983373	
0.6936936936936937	0.0009363751894311091	0.0	0.0	0.0	0.14029943648772064	2.1591073094230637	9.055548454112412	0.43109011521037666	0.006966700676444788	0.00044957249678215705	
0.6966966966966966	0.0009363751894311091	0.0	0.0	0.0	0.11644030282775251	1.9156523544379962	9.310248786459518	0.5279733284513755	0.008218056409030138	0.0003989620859659788	
0.6996996996996997	0.0009363751894311091	0.0	0.0	0.0	0.09966317928000454	1.6721973994529198	9.559999576503012	0.6665729399956273	0.010130496262211786	0.00035038123390795933	
0.7027027027027027	0.000864151007084446	0.0	0.0	0.0	0.08356682594959608	1.5104293411857344	9.748637573178996	0.8051725515398791	0.012042936115393435	0.0003440549325559368	
0.7057057057057057	0.0007624724968837559	0.0	0.0	0.0	0.07059405080033879	1.3543323444177096	9.937275569854972	0.9627878526669116	0.013955375968575013	0.0003377286312039145	
0.7087087087087087	0.0006193065812927921	0.0	0.0	0.0	0.058721563237481754	1.2069219866629277	10.124509608008017	1.1507418634818791	0.016311316343474092	0.000331402329851892	
0.7117117117117117	0.0004159495608914118	0.0	0.0	0.0	0.04885461622034355	1.0648143403467163	10.295430887390257	1.3386958742968398	0.01884737788791053	0.0003250760284998697	
0.7147147147147147	0.00022666103323572723	0.0	0.0	0.0	0.040521043219493694	0.9334214584693178	10.466352166772506	1.5493443103932139	0.02138343943234706	0.0003187497271478472	
0.7177177177177178	0.0001563625955907481	0.0	0.0	0.0	0.03331168723623987	0.8262368668781169	10.603321406524518	1.7961163067468573	0.02392422760869728	0.0003124234257958247	
0.7207207207207207	8.60641579457716e-05	0.0	0.0	0.0	0.027832077591844535	0.7190522752869201	10.367959321528302	2.042888303100492	0.026501863932550707	0.00030609712444380245	
0.7237237237237237	1.5765720300792477e-05	0.0	0.0	0.0	0.022327225442354933	0.6223577686009373	10.132597236532076	2.2865359226020887	0.029079500256404232	0.00029977082309177994	
0.7267267267267267	0.0	0.0	0.0	0.0	0.0167334572637023	0.5257406719553546	9.880054036105754	2.525221943347043	0.031657136580257664	0.00029344452173975764	
0.7297297297297297	0.0	0.0	0.0	0.0	0.011277597322166261	0.45254706189742683	9.449207494191496	2.763907964092006	0.03605898695681638	0.0002717949543674133	
0.7327327327327328	0.0	0.0	0.0	0.0	0.008537792499968591	0.39045044874083434	9.01836095227724	3.031356209676774	0.042170479531114094	0.0002464897489593232	
0.7357357357357357	0.0	0.0	0.0	0.0	0.0057979876777710234	0.3373390945020696	8.58683323956129	3.3443733099059156	0.04828197210541158	0.00022118454355123405	
0.7387387387387387	0.0	0.0	0.0	0.0	0.004357515801306591	0.2998999695519049	8.148599727385454	3.6573904101350685	0.05439346467970929	0.000195879338143144	
0.7417417417417418	0.0	0.0	0.0	0.0	0.003101771924466117	0.26282509289189127	7.710366215209619	4.011790532577384	0.06669271762606696	0.00017057413273505393	
0.7447447447447447	0.0	0.0	0.0	0.0	0.002487808147815382	0.2326322501901457	7.264897333778367	4.431602406956651	0.07953932446591713	0.0001452689273269648	
0.7477477477477478	0.0	0.0	0.0	0.0	0.0021453325450407385	0.20243940748839898	6.751713098950154	4.851414281335935	0.09238593130576779	0.00011996372191887473	
0.7507507507507507	0.0	0.0	0.0	0.0	0.0019238496160942928	0.16883859540661708	6.238528864121961	5.207796306670359	0.1052058261813275	9.46585165107856e-05	
0.7537537537537538	0.0	0.0	0.0	0.0	0.001809691081836033	0.13401618349060365	5.722976276199077	5.464151681523119	0.11796928346234414	6.935331110269552e-05	
0.7567567567567568	0.0	0.0	0.0	0.0	0.0016139922249687431	0.10590415302998693	5.18630988387309	5.720507056375879	0.13073274074336078	5.844519514556848e-05	
0.7597597597597597	0.0	0.0	0.0	0.0	0.0012715166221940965	0.08698330493689303	4.649643491547123	6.096873540573164	0.14349619802437696	5.844519514556848e-05	
0.7627627627627628	0.0	0.0	0.0	0.0	0.0009711289908092818	0.06884403459465847	4.122041659236662	6.662053287561774	0.16630994644277355	5.844519514556848e-05	
0.7657657657657657	0.0	0.0	0.0	0.0	0.0008569704565510417	0.05716946874998388	3.671556586627297	7.227233034550361	0.19295938004906465	5.844519514556848e-05	
0.7687687687687688	0.0	0.0	0.0	0.0	0.0007415501531751238	0.04549490290530886	3.221071514017915	7.631649712802923	0.21960881365535673	5.844519514556848e-05	
0.7717717717717718	0.0	0.0	0.0	0.0	0.0005180877710795854	0.03413986719415439	2.7698564649953683	7.783725950361633	0.24777042653990344	5.844519514556848e-05	
0.7747747747747747	0.0	0.0	0.0	0.0	0.0002946253889840552	0.022867872585502706	2.312705102150141	7.935802187920338	0.2863933966182868	5.844519514556848e-05	
0.7777777777777778	0.0	0.0	0.0	0.0	7.116300688851684e-05	0.014636699683388807	1.8555537393048964	8.083116606601353	0.32501636669667155	5.844519514556848e-05	
0.7807807807807807	0.0	0.0	0.0	0.0	0.0	0.009705202042103848	1.4207833147508326	8.222974036573616	0.3636393367750549	5.844519514556848e-05	
0.7837837837837838	0.0	0.0	0.0	0.0	0.0	0.005289900561355055	1.1602574855308034	8.362831466545884	0.40844018525131787	6.053598453094247e-05	
0.7867867867867868	0.0	0.0	0.0	0.0	0.0	0.0034783299992502516	0.8997316563107742	8.402361813080663	0.45874566834587915	6.686228588296499e-05	
0.7897897897897898	0.0	0.0	0.0	0.0	0.0	0.0016667594371455154	0.656029397776561	8.285145114812691	0.5090511514404386	7.318858723498727e-05	
0.7927927927927928	0.0	0.0	0.0	0.0	0.0	0.0013117280651717283	0.5378979302625568	8.167928416544711	0.5593566345349998	7.951488858700978e-05	
0.7957957957957957	0.0	0.0	0.0	0.0	0.0	0.001211085256165913	0.419766462748557	8.13758061893261	0.6753313093018968	8.584118993903208e-05	
0.7987987987987988	0.0	0.0	0.0	0.0	0.0	0.0009482526859859052	0.3088504039047273	8.242638405729695	0.7961476182876766	9.216749129105459e-05	
0.8018018018018018	0.0	0.0	0.0	0.0	0.0	0.0005456814499626157	0.24963452847574077	8.347696192526781	0.9169639272734562	9.84937926430771e-05	
0.8048048048048048	0.0	0.0	0.0	0.0	0.0	0.0002777966032957743	0.19041865304675648	8.25258608876544	1.0390571937499766	0.0001048200939950994	
0.8078078078078078	0.0	0.0	0.0	0.0	0.0	0.00047908222130741264	0.13548226946003952	7.846190944285074	1.1636983824421194	0.00011114639534712191	
0.8108108108108109	0.0	0.0	0.0	0.0	0.0	0.0006803678393190509	0.11001824189219897	7.439795799804709	1.2883395711342625	0.00012038422873918172	
0.8138138138138138	0.0	0.0	0.0	0.0	0.0	0.000507995648856208	0.08455421432435938	7.178497946058707	1.4129807598264008	0.000158342036851315	
0.8168168168168168	0.0	0.0	0.0	0.0	0.0	0.0002981748018499311	0.06127925652606677	7.142320692224338	1.618383481239336	0.00019629984496344973	
0.8198198198198198	0.0	0.0	0.0	0.0	0.0	8.835395484366193e-05	0.0525109828824248	7.106143438389971	1.8526989380334897	0.000234257653075583	
0.8228228228228228	0.0	0.0	0.0	0.0	0.0	0.0	0.0437427092387825	6.993048509052542	2.087014394827652	0.0002722154611877177	
0.8258258258258259	0.0	0.0	0.0	0.0	0.0	0.0	0.03556007993828151	6.76089116491014	2.326590524132407	0.0003101732692998524	
0.8288288288288288	0.0	0.0	0.0	0.0	0.0	0.0	0.031115886447667895	6.528733820767746	2.59878060497545	0.0003481310774119857	
0.8318318318318318	0.0	0.0	0.0	0.0	0.0	0.0	0.026671692957054113	6.226895215597168	2.8709706858185022	0.0003860888855241204	
0.8348348348348348	0.0	0.0	0.0	0.0	0.0	0.0	0.022336615573951064	5.817445369220128	3.143160766661545	0.00042404669363625366	
0.8378378378378378	0.0	0.0	0.0	0.0	0.0	0.0	0.018673158777634733	5.407995522843073	3.409723516765335	0.00046200450174838835	
0.8408408408408409	0.0	0.0	0.0	0.0	0.0	0.0	0.015009701981318405	5.039611734436104	3.671519902754136	0.000456761311599218	
0.8438438438438438	0.0	0.0	0.0	0.0	0.0	0.0	0.011744289820633438	4.734500921468743	3.933316288742927	0.000444108708895174	
0.8468468468468469	0.0	0.0	0.0	0.0	0.0	0.0	0.010843439788752306	4.42939010850137	4.195112674731727	0.00043145610619112944	
0.8498498498498498	0.0	0.0	0.0	0.0	0.0	0.0	0.009942589756871206	4.129567309592458	4.383365743178568	0.0004188035034870854	
0.8528528528528528	0.0	0.0	0.0	0.0	0.0	0.0	0.009095216175634874	3.8378732265240014	4.567250992539925	0.00040615090078304086	
0.8558558558558559	0.0	0.0	0.0	0.0	0.0	0.0	0.008554706156506131	3.5461791434555447	4.751136241901282	0.0003934982980789963	
0.8588588588588588	0.0	0.0	0.0	0.0	0.0	0.0	0.00801419613737741	3.2864231396581407	4.890109933675321	0.00038084569537495227	
0.8618618618618619	0.0	0.0	0.0	0.0	0.0	0.0	0.007400307403885359	3.075648708792012	4.944365020814495	0.0003681930926709078	
0.8648648648648649	0.0	0.0	0.0	0.0	0.0	0.0	0.006379344034420162	2.8648742779258827	4.998620107953671	0.0003555404899668632	
0.8678678678678678	0.0	0.0	0.0	0.0	0.0	0.0	0.005358380664955004	2.6735357451357253	5.052875195092843	0.0005763863955805785	
0.8708708708708709	0.0	0.0	0.0	0.0	0.0	0.0	0.004441168600473413	2.5119360251934646	5.203379921057949	0.0009433118739978845	
0.8738738738738738	0.0	0.0	0.0	0.0	0.0	0.0	0.004080828587720946	2.3503363052512096	5.386142651375025	0.001310237352415177	
0.8768768768768769	0.0	0.0	0.0	0.0	0.0	0.0	0.0037204885749684644	2.2033635354200354	5.568905381692106	0.001677162830832483	
0.8798798798798799	0.0	0.0	0.0	0.0	0.0	0.0	0.003418297768243839	2.0787197188152007	5.726939794061822	0.002044088309249789	
0.8828828828828829	0.0	0.0	0.0	0.0	0.0	0.0	0.0034182977682438672	1.9540759022103702	5.746479940387824	0.0024110137876670813	
0.8858858858858859	0.0	0.0	0.0	0.0	0.0	0.0	0.0034182977682438954	1.8354382255883794	5.7660200867138265	0.0027779392660843873	
0.8888888888888888	0.0	0.0	0.0	0.0	0.0	0.0	0.0033187864496514274	1.7259481262353489	5.785560233039828	0.0031448647445016797	
0.8918918918918919	0.0	0.0	0.0	0.0	0.0	0.0	0.002718219761730672	1.6164580268823143	5.844924978471806	0.0035117902229189857	
0.8948948948948949	0.0	0.0	0.0	0.0	0.0	0.0	0.0021176530738099162	1.5223489312345393	5.936347918409772	0.004889175044378386	
0.8978978978978979	0.0	0.0	0.0	0.0	0.0	0.0	0.0016702473265971364	1.451611618687555	6.0277708583477345	0.007938452296053127	
0.9009009009009009	0.0	0.0	0.0	0.0	0.0	0.0	0.0019705306705574935	1.380874306140568	6.119193798285701	0.01098772954772798	
0.9039039039039038	0.0	0.0	0.0	0.0	0.0	0.0	0.002270814014517839	1.3100893817480157	6.0169862321909875	0.014037006799402719	
0.9069069069069069	0.0	0.0	0.0	0.0	0.0	0.0	0.002424512781852841	1.2392322769697746	5.905981571147618	0.017086284051077573	
0.9099099099099099	0.0	0.0	0.0	0.0	0.0	0.0	0.001884002762724195	1.1683751721915334	5.794976910104249	0.020135561302752427	
0.9129129129129129	0.0	0.0	0.0	0.0	0.0	0.0	0.0013434927435955694	1.102381232044173	5.736906773540632	0.023184838554427167	
0.9159159159159159	0.0	0.0	0.0	0.0	0.0	0.0	0.0008888221198516256	1.0437429348523741	5.773326280309901	0.02623411580610202	
0.9189189189189189	0.0	0.0	0.0	0.0	0.0	0.0	0.0008287654510595465	0.9851046376605774	5.809745787079168	0.02928339305777676	
0.9219219219219219	0.0	0.0	0.0	0.0	0.0	0.0	0.0007687087822674649	0.9155090181863249	5.846165293848435	0.033891342675154354	
0.924924924924925	0.0	0.0	0.0	0.0	0.0	0.0	0.0007086521134753859	0.8293784039250309	5.77125887480646	0.04821408893613334	
0.9279279279279279	0.0	0.0	0.0	0.0	0.0	0.0	0.00064859544468332	0.7432477896637402	5.661501457145622	0.06253683519711178	
0.9309309309309309	0.0	0.0	0.0	0.0	0.0	0.0	0.000588538775891252	0.6635955066517082	5.55174403948478	0.07685958145809077	
0.933933933933934	0.0	0.0	0.0	0.0	0.0	0.0	0.0005284821070991824	0.5936967397233801	5.446284856191798	0.09118232771906974	
0.9369369369369369	0.0	0.0	0.0	0.0	0.0	0.0	0.0004684254383071091	0.5237979727950547	5.362719549563646	0.10550507398004819	
0.93993993993994	0.0	0.0	0.0	0.0	0.0	0.0	0.0004083687695150335	0.46187069336302744	5.279154242935491	0.11982782024102717	
0.9429429429429429	0.0	0.0	0.0	0.0	0.0	0.0	0.00033680338373603426	0.41191733293610877	5.19558893630734	0.13415056650200563	
0.9459459459459459	0.0	0.0	0.0	0.0	0.0	0.0	0.00021669004615188316	0.36196397250918827	5.111057780210366	0.1484733127629846	
0.948948948948949	0.0	0.0	0.0	0.0	0.0	0.0	9.657670856773207e-05	0.3133050741847816	5.025787907626115	0.16279605902396357	
0.9519519519519519	0.0	0.0	0.0	0.0	0.0	0.0	0.0	0.26658610400132765	4.940518035041867	0.19793625666656595	
0.954954954954955	0.0	0.0	0.0	0.0	0.0	0.0	0.0	0.21986713381787198	4.855248162457616	0.23539428697189124	
0.9579579579579579	0.0	0.0	0.0	0.0	0.0	0.0	0.0	0.1801335138581642	4.858096924492225	0.2728523172772152	
0.960960960960961	0.0	0.0	0.0	0.0	0.0	0.0	1.2027912029483853e-05	0.15084431332007467	4.863751094492922	0.3103103475825405	
0.963963963963964	0.0	0.0	0.0	0.0	0.0	0.0	7.20845808215579e-05	0.12155511278198514	4.8694052644936185	0.34776837788786585	
0.9669669669669669	0.0	0.0	0.0	0.0	0.0	0.0	0.00013214124961362974	0.09635233135402282	4.812030953016475	0.38522640819318976	
0.96996996996997	0.0	0.0	0.0	0.0	0.0	0.0	0.00016762289930417375	0.07724547047130184	4.648101597775289	0.4226844384985151	
0.9729729729729729	0.0	0.0	0.0	0.0	0.0	0.0	0.00010756623051210342	0.058138609588581566	4.48417224253411	0.460142468803839	
0.975975975975976	0.0	0.0	0.0	0.0	0.0	0.0	4.7509561720030836e-05	0.04379778274756654	4.320242887292925	0.4976004991091644	
0.978978978978979	0.0	0.0	0.0	0.0	0.0	0.0	0.0	0.03655035275756872	4.158824091090958	0.5849277594776365	
0.9819819819819819	0.0	0.0	0.0	0.0	0.0	0.0	0.0	0.029302922767571165	3.9981375686442884	0.6977889755977137	
0.984984984984985	0.0	0.0	0.0	0.0	0.0	0.0	0.0	0.02321248470680718	3.8374510461976135	0.8106501917177948	
0.9879879879879879	0.0	0.0	0.0	0.0	0.0	0.0	0.0	0.01884006826656116	3.713850083896846	0.923511407837872	
0.990990990990991	0.0	0.0	0.0	0.0	0.0	0.0	0.0	0.01446765182631498	3.763033047947147	1.0363726239579534	
0.993993993993994	0.0	0.0	0.0	0.0	0.0	0.0	0.0	0.011157268580395447	3.812216011997449	1.1492338400780344	
0.996996996996997	0.0	0.0	0.0	0.0	0.0	0.0	0.0	0.009420281227420876	3.861398976047749	1.2620950561981115	
1.0	0.0	0.0	0.0	0.0	0.0	0.0	0.0	0.00768329387444624	3.6750427966588104	1.374956272318193	
1.003003003003003	0.0	0.0	0.0	0.0	0.0	0.0	0.0	0.006067157709371938	3.317582843231503	1.487817488438274	
1.006006006006006	0.0	0.0	0.0	0.0	0.0	0.0	0.0	0.004629650934496378	2.960122889804196	1.6253122933447113	
1.009009009009009	0.0	0.0	0.0	0.0	0.0	0.0	0.0	0.0031921441596209237	2.6026629363769147	1.796419766012849	
1.012012012012012	0.0	0.0	0.0	0.0	0.0	0.0	0.0	0.002093484384246855	2.391365095352947	1.9675272386809992	
1.015015015015015	0.0	0.0	0.0	0.0	0.0	0.0	0.0	0.0014945232280487053	2.182784427017911	2.1386347113491495	
1.018018018018018	0.0	0.0	0.0	0.0	0.0	0.0	0.0	0.0008955620718505556	1.9742037586828756	2.3097421840172996	
1.021021021021021	0.0	0.0	0.0	0.0	0.0	0.0	0.0	0.0005147292053623349	1.7787393330210144	2.48084965668545	
1.024024024024024	0.0	0.0	0.0	0.0	0.0	0.0	0.0	0.00045483308974252133	1.604291558587317	2.6519571293535877	
1.027027027027027	0.0	0.0	0.0	0.0	0.0	0.0	0.0	0.0003949369741227034	1.4298437841536065	2.823064602021738	
1.03003003003003	0.0	0.0	0.0	0.0	0.0	0.0	0.0	0.00031077126234126936	1.2553960097198962	2.9941720746898883	
1.033033033033033	0.0	0.0	0.0	0.0	0.0	0.0	0.0	0.00019097903110164527	1.0752892937134206	3.133639782416306	
1.0360360360360361	0.0	0.0	0.0	0.0	0.0	0.0	0.0	7.118679986202117e-05	0.8936490824405882	3.1332348991297794	
1.039039039039039	0.0	0.0	0.0	0.0	0.0	0.0	0.0	2.4302715688798195e-05	0.7120088711677691	3.1328300158432527	
1.042042042042042	0.0	0.0	0.0	0.0	0.0	0.0	0.0	8.419883130861318e-05	0.5502339921924488	3.132425132556726	
1.045045045045045	0.0	0.0	0.0	0.0	0.0	0.0	0.0	0.00014409494692842816	0.47352852416809477	3.1320202492701994	
1.048048048048048	0.0	0.0	0.0	0.0	0.0	0.0	0.0	0.00015773509244936223	0.39682305614374064	3.1316153659836727	
1.0510510510510511	0.0	0.0	0.0	0.0	0.0	0.0	0.0	0.00010378457373096583	0.32011758811938656	3.131210482697146	
1.054054054054054	0.0	0.0	0.0	0.0	0.0	0.0	0.0	4.983405501257342e-05	0.2715113558825855	3.1308055994106194	
1.057057057057057	0.0	0.0	0.0	0.0	0.0	0.0	0.0	0.0	0.2422842859524405	3.1304007161240923	
1.06006006006006	0.0	0.0	0.0	0.0	0.0	0.0	0.0	0.0	0.2130572160222955	3.1299958328375657	
1.063063063063063	0.0	0.0	0.0	0.0	0.0	0.0	0.0	0.0	0.1838301460921505	3.1071896048425596	
1.0660660660660661	0.0	0.0	0.0	0.0	0.0	0.0	0.0	0.0	0.16688105472479603	3.08310537559541	
1.069069069069069	0.0	0.0	0.0	0.0	0.0	0.0	0.0	0.0	0.15000169428149945	3.059021146348262	
1.072072072072072	0.0	0.0	0.0	0.0	0.0	0.0	0.0	0.0	0.1331223338382016	3.0349369171011125	
1.075075075075075	0.0	0.0	0.0	0.0	0.0	0.0	0.0	0.0	0.11573147570047343	3.0108526878539625	
1.078078078078078	0.0	0.0	0.0	0.0	0.0	0.0	0.0	0.0	0.09756329709524708	2.986768458606813	
1.0810810810810811	0.0	0.0	0.0	0.0	0.0	0.0	0.0	0.0	0.07939511849002073	2.962684229359663	
1.084084084084084	0.0	0.0	0.0	0.0	0.0	0.0	0.0	0.0	0.061226939884795724	2.9386000001125154	
1.087087087087087	0.0	0.0	0.0	0.0	0.0	0.0	0.0	0.0	0.053660610007136296	2.9145157708653655	
1.09009009009009	0.0	0.0	0.0	0.0	0.0	0.0	0.0	0.0	0.04875478603593153	2.8935291970559773	
1.093093093093093	0.0	0.0	0.0	0.0	0.0	0.0	0.0	0.0	0.043848962064726764	2.8738227683444273	
1.0960960960960962	0.0	0.0	0.0	0.0	0.0	0.0	1.5921874848672477e-05	0.0	0.03972383272924042	2.8541163396328773	
1.0990990990990992	0.0	0.0	0.0	0.0	0.0	0.0	7.597854364074653e-05	0.0	0.03868446324381539	2.834409910921327	
1.102102102102102	0.0	0.0	0.0	0.0	0.0	0.0	0.00013603521243281614	0.0	0.037645093758390424	2.8147034822097785	
1.105105105105105	0.0	0.0	0.0	0.0	0.0	0.0	0.0001653535103555488	0.0	0.03660572427296539	2.794997053498228	
1.1081081081081081	0.0	0.0	0.0	0.0	0.0	0.0	0.00011132636054926022	0.0	0.03719975771833107	2.775290624786678	
1.1111111111111112	0.0	0.0	0.0	0.0	0.0	0.0	5.7299210742971625e-05	0.0	0.03886274889501073	2.755584196075128	
1.1141141141141142	0.0	0.0	0.0	0.0	0.0	0.0	3.2720609366830187e-06	0.0	0.04052574007169038	2.735877767363578	
1.117117117117117	0.0	0.0	0.0	0.0	0.0	0.0	0.0	0.0	0.04218728521674907	2.7055017463736495	
1.12012012012012	0.0	0.0	0.0	0.0	0.0	0.0	0.0	0.0	0.04364240249634404	2.6630522643015784	
1.1231231231231231	0.0	0.0	0.0	0.0	0.0	0.0	0.0	0.0	0.04509751977593902	2.6206027822295073	
1.1261261261261262	0.0	0.0	0.0	0.0	0.0	0.0	0.0	0.0	0.04655263705553399	2.578153300157436	
1.1291291291291292	0.0	0.0	0.0	0.0	0.0	0.0	0.0	0.0	0.04892704581030779	2.535703818085365	
1.132132132132132	0.0	0.0	0.0	0.0	0.0	0.0	0.0	0.0	0.05262720117841956	2.493254336013297	
1.135135135135135	0.0	0.0	0.0	0.0	0.0	0.0	0.0	0.0	0.05632735654653161	2.450804853941226	
1.1381381381381381	0.0	0.0	0.0	0.0	0.0	0.0	0.0	0.0	0.06002751191464366	2.408355371869155	
1.1411411411411412	0.0	0.0	0.0	0.0	0.0	0.0	0.0	0.0	0.06129704620428541	2.3659058897970837	
1.1441441441441442	0.0	0.0	0.0	0.0	0.0	0.0	0.0	0.0	0.06200381745437427	2.322402710285856	
1.147147147147147	0.0	0.0	0.0	0.0	0.0	0.0	0.0	0.0	0.06271058870446307	2.2753856386376285	
1.15015015015015	0.0	0.0	0.0	0.0	0.0	0.0	0.0	0.0	0.0633281743889948	2.228368566989397	
1.1531531531531531	0.0	0.0	0.0	0.0	0.0	0.0	0.0	0.0	0.0636191978449141	2.1813514953411657	
1.1561561561561562	0.0	0.0	0.0	0.0	0.0	0.0	0.0	0.0	0.0639102213008334	2.1343344236929345	
1.1591591591591592	0.0	0.0	0.0	0.0	0.0	0.0	0.0	0.0	0.0642012447567527	2.0873173520447033	
1.162162162162162	0.0	0.0	0.0	0.0	0.0	0.0	0.0	0.0	0.06320960489074318	2.040300280396475	
1.165165165165165	0.0	0.0	0.0	0.0	0.0	0.0	0.0	0.0	0.061421889375812146	1.993283208748244	
1.1681681681681682	0.0	0.0	0.0	0.0	0.0	0.0	0.0	0.0	0.0596341738608811	1.9462661371000125	
1.1711711711711712	0.0	0.0	0.0	0.0	0.0	0.0	0.0	0.0	0.05784645834595008	1.8992490654517813	
1.1741741741741742	0.0	0.0	0.0	0.0	0.0	0.0	0.0	0.0	0.05605874283101944	1.8871836277618639	
1.177177177177177	0.0	0.0	0.0	0.0	0.0	0.0	0.0	0.0	0.054271027316088946	1.875391402041693	
1.1801801801801801	0.0	0.0	0.0	0.0	0.0	0.0	0.0	0.0	0.05248331180115831	1.8635991763215216	
1.1831831831831832	0.0	0.0	0.0	0.0	0.0	0.0	0.0	0.0	0.049519886531480525	1.8518069506013501	
1.1861861861861862	0.0	0.0	0.0	0.0	0.0	0.0	0.0	0.0	0.04494666079561166	1.8400147248811785	
1.1891891891891893	0.0	0.0	0.0	0.0	0.0	0.0	0.0	0.0	0.0403734350597428	1.828222499161007	
1.192192192192192	0.0	0.0	0.0	0.0	0.0	0.0	0.0	0.0	0.035800209323874274	1.8164302734408364	
1.1951951951951951	0.0	0.0	0.0	0.0	0.0	0.0	0.0	0.0	0.031055570504654417	1.804638047720665	
1.1981981981981982	0.0	0.0	0.0	0.0	0.0	0.0	0.0	0.0	0.0262744708717001	1.7928458220004932	
1.2012012012012012	0.0	0.0	0.0	0.0	0.0	0.0	0.0	0.0	0.021493371238745784	1.7749352898597328	
1.2042042042042043	0.0	0.0	0.0	0.0	0.0	0.0	0.0	0.0	0.01710885858550261	1.7550264195049197	
1.207207207207207	0.0	0.0	0.0	0.0	0.0	0.0	0.0	0.0	0.014073899688062493	1.735117549150108	
1.2102102102102101	0.0	0.0	0.0	0.0	0.0	0.0	0.0	0.0	0.011038940790622155	1.715208678795295	
1.2132132132132132	0.0	0.0	0.0	0.0	0.0	0.0	0.0	0.0	0.008003981893181817	1.6952998084404818	
1.2162162162162162	0.0	0.0	0.0	0.0	0.0	0.0	0.0	0.0	0.006016113276494336	1.6753909380856686	
1.2192192192192193	0.0	0.0	0.0	0.0	0.0	0.0	0.0	0.0	0.00464414555573355	1.6554820677308555	
1.2222222222222223	0.0	0.0	0.0	0.0	0.0	0.0	0.0	0.0	0.0032721778349727644	1.6355731973760423	
1.2252252252252251	0.0	0.0	0.0	0.0	0.0	0.0	0.0	0.0	0.0019336398013290851	1.6156643270212305	
1.2282282282282282	0.0	0.0	0.0	0.0	0.0	0.0	0.0	0.0	0.0016010415659931533	1.590679220705154	
1.2312312312312312	0.0	0.0	0.0	0.0	0.0	0.0	0.0	0.0	0.0012684433306572214	1.5609202991452402	
1.2342342342342343	0.0	0.0	0.0	0.0	0.0	0.0	0.0	0.0	0.0009358450953212897	1.5311613775853263	
1.2372372372372373	0.0	0.0	0.0	0.0	0.0	0.0	0.0	0.0	0.0006502045067276527	1.5014024560254124	
1.2402402402402402	0.0	0.0	0.0	0.0	0.0	0.0	0.0	0.0	0.00042563332386712964	1.4716435344655008	
1.2432432432432432	0.0	0.0	0.0	0.0	0.0	0.0	0.0	0.0	0.00020106214100658998	1.441884612905587	
1.2462462462462462	0.0	0.0	0.0	0.0	0.0	0.0	0.0	0.0	0.0	1.412125691345673	
1.2492492492492493	0.0	0.0	0.0	0.0	0.0	0.0	0.0	0.0	0.0	1.3823667697857591	
1.2522522522522523	0.0	0.0	0.0	0.0	0.0	0.0	0.0	0.0	0.0	1.352607848225845	
1.2552552552552552	0.0	0.0	0.0	0.0	0.0	0.0	0.0	0.0	0.0	1.3275857510838645	
1.2582582582582582	0.0	0.0	0.0	0.0	0.0	0.0	0.0	0.0	0.0	1.3149331483798192	
1.2612612612612613	0.0	0.0	0.0	0.0	0.0	0.0	0.0	0.0	0.0	1.3022805456757742	
1.2642642642642643	0.0	0.0	0.0	0.0	0.0	0.0	0.0	0.0	0.0	1.2896279429717292	
1.2672672672672673	0.0	0.0	0.0	0.0	0.0	0.0	0.0	0.0	0.0	1.2769753402676842	
1.2702702702702702	0.0	0.0	0.0	0.0	0.0	0.0	0.0	0.0	0.0	1.26432273756364	
1.2732732732732732	0.0	0.0	0.0	0.0	0.0	0.0	0.0	0.0	0.0	1.2516701348595949	
1.2762762762762763	0.0	0.0	0.0	0.0	0.0	0.0	0.0	0.0	0.0	1.2390175321555499	
1.2792792792792793	0.0	0.0	0.0	0.0	0.0	0.0	0.0	0.0	0.0	1.2263649294515049	
1.2822822822822824	0.0	0.0	0.0	0.0	0.0	0.0	0.0	0.0	0.0	1.2133824103190902	
1.2852852852852852	0.0	0.0	0.0	0.0	0.0	0.0	0.0	0.0	0.0	1.192151342981704	
1.2882882882882882	0.0	0.0	0.0	0.0	0.0	0.0	0.0	0.0	0.0	1.1709202756443167	
1.2912912912912913	0.0	0.0	0.0	0.0	0.0	0.0	0.0	0.0	0.0	1.149689208306929	
1.2942942942942943	0.0	0.0	0.0	0.0	0.0	0.0	0.0	0.0	0.0	1.1284581409695416	
1.2972972972972974	0.0	0.0	0.0	0.0	0.0	0.0	0.0	0.0	0.0	1.107227073632154	
1.3003003003003002	0.0	0.0	0.0	0.0	0.0	0.0	0.0	0.0	0.0	1.085996006294768	
1.3033033033033032	0.0	0.0	0.0	0.0	0.0	0.0	0.0	0.0	0.0	1.0647649389573806	
1.3063063063063063	0.0	0.0	0.0	0.0	0.0	0.0	0.0	0.0	0.0	1.043533871619993	
1.3093093093093093	0.0	0.0	0.0	0.0	0.0	0.0	0.0	0.0	0.0	1.0223028042826052	
1.3123123123123124	0.0	0.0	0.0	0.0	0.0	0.0	0.0	0.0	0.0	1.0091644671464717	
1.3153153153153152	0.0	0.0	0.0	0.0	0.0	0.0	0.0	0.0	0.0	0.9980491556709689	
1.3183183183183182	0.0	0.0	0.0	0.0	0.0	0.0	0.0	0.0	0.0	0.9869338441954653	
1.3213213213213213	0.0	0.0	0.0	0.0	0.0	0.0	0.0	0.0	0.0	0.9758185327199618	
1.3243243243243243	0.0	0.0	0.0	0.0	0.0	0.0	0.0	0.0	0.0	0.9647032212444582	
1.3273273273273274	0.0	0.0	0.0	0.0	0.0	0.0	0.0	0.0	0.0	0.9535879097689546	
1.3303303303303302	0.0	0.0	0.0	0.0	0.0	0.0	0.0	0.0	0.0	0.9424725982934519	
1.3333333333333333	0.0	0.0	0.0	0.0	0.0	0.0	0.0	0.0	0.0	0.9313572868179483	
1.3363363363363363	0.0	0.0	0.0	0.0	0.0	0.0	0.0	0.0	0.0	0.9202419753424447	
1.3393393393393394	0.0	0.0	0.0	0.0	0.0	0.0	0.0	0.0	0.0	0.9103700866762942	
1.3423423423423424	0.0	0.0	0.0	0.0	0.0	0.0	0.0	0.0	0.0	0.9014689806739985	
1.3453453453453452	0.0	0.0	0.0	0.0	0.0	0.0	0.0	0.0	0.0	0.8925678746717035	
1.3483483483483483	0.0	0.0	0.0	0.0	0.0	0.0	0.0	0.0	0.0	0.8836667686694077	
1.3513513513513513	0.0	0.0	0.0	0.0	0.0	0.0	0.0	0.0	0.0	0.8747656626671121	
1.3543543543543544	0.0	0.0	0.0	0.0	0.0	0.0	0.0	0.0	0.0	0.8658645566648164	
1.3573573573573574	0.0	0.0	0.0	0.0	0.0	0.0	0.0	0.0	0.0	0.8569634506625208	
1.3603603603603605	0.0	0.0	0.0	0.0	0.0	0.0	0.0	0.0	0.0	0.8480623446602251	
1.3633633633633633	0.0	0.0	0.0	0.0	0.0	0.0	0.0	0.0	0.0	0.83916123865793	
1.3663663663663663	0.0	0.0	0.0	0.0	0.0	0.0	0.0	0.0	0.0	0.82980633055182	
1.3693693693693694	0.0	0.0	0.0	0.0	0.0	0.0	0.0	0.0	0.0	0.8195007856493746	
1.3723723723723724	0.0	0.0	0.0	0.0	0.0	0.0	0.0	0.0	0.0	0.8091952407469293	
1.3753753753753755	0.0	0.0	0.0	0.0	0.0	0.0	0.0	0.0	0.0	0.798889695844484	
1.3783783783783783	0.0	0.0	0.0	0.0	0.0	0.0	0.0	0.0	0.0	0.7885841509420394	
1.3813813813813813	0.0	0.0	0.0	0.0	0.0	0.0	0.0	0.0	0.0	0.7782786060395941	
1.3843843843843844	0.0	0.0	0.0	0.0	0.0	0.0	0.0	0.0	0.0	0.7679730611371487	
1.3873873873873874	0.0	0.0	0.0	0.0	0.0	0.0	0.0	0.0	0.0	0.7576675162347034	
1.3903903903903905	0.0	0.0	0.0	0.0	0.0	0.0	0.0	0.0	0.0	0.7473619713322581	
1.3933933933933933	0.0	0.0	0.0	0.0	0.0	0.0	0.0	0.0	0.0	0.7377956519177306	
1.3963963963963963	0.0	0.0	0.0	0.0	0.0	0.0	0.0	0.0	0.0	0.7362204028810776	
1.3993993993993994	0.0	0.0	0.0	0.0	0.0	0.0	0.0	0.0	0.0	0.7346451538444246	
1.4024024024024024	0.0	0.0	0.0	0.0	0.0	0.0	0.0	0.0	0.0	0.7330699048077717	
1.4054054054054055	0.0	0.0	0.0	0.0	0.0	0.0	0.0	0.0	0.0	0.7314946557711188	
1.4084084084084083	0.0	0.0	0.0	0.0	0.0	0.0	0.0	0.0	0.0	0.729919406734466	
1.4114114114114114	0.0	0.0	0.0	0.0	0.0	0.0	0.0	0.0	0.0	0.728344157697813	
1.4144144144144144	0.0	0.0	0.0	0.0	0.0	0.0	0.0	0.0	0.0	0.7267689086611601	
1.4174174174174174	0.0	0.0	0.0	0.0	0.0	0.0	0.0	0.0	0.0	0.7251936596245071	
1.4204204204204205	0.0	0.0	0.0	0.0	0.0	0.0	0.0	0.0	0.0	0.7236184105878541	
1.4234234234234233	0.0	0.0	0.0	0.0	0.0	0.0	0.0	0.0	0.0	0.7186865239368687	
1.4264264264264264	0.0	0.0	0.0	0.0	0.0	0.0	0.0	0.0	0.0	0.7131446839524971	
1.4294294294294294	0.0	0.0	0.0	0.0	0.0	0.0	0.0	0.0	0.0	0.7076028439681253	
1.4324324324324325	0.0	0.0	0.0	0.0	0.0	0.0	0.0	0.0	0.0	0.7020610039837536	
1.4354354354354355	0.0	0.0	0.0	0.0	0.0	0.0	0.0	0.0	0.0	0.6965191639993819	
1.4384384384384383	0.0	0.0	0.0	0.0	0.0	0.0	0.0	0.0	0.0	0.6909773240150106	
1.4414414414414414	0.0	0.0	0.0	0.0	0.0	0.0	0.0	0.0	0.0	0.6854354840306388	
1.4444444444444444	0.0	0.0	0.0	0.0	0.0	0.0	0.0	0.0	0.0	0.6798936440462671	
1.4474474474474475	0.0	0.0	0.0	0.0	0.0	0.0	0.0	0.0	0.0	0.6743518040618954	
1.4504504504504505	0.0	0.0	0.0	0.0	0.0	0.0	0.0	0.0	0.0	0.6704479366508649	
1.4534534534534533	0.0	0.0	0.0	0.0	0.0	0.0	0.0	0.0	0.0	0.667601101042455	
1.4564564564564564	0.0	0.0	0.0	0.0	0.0	0.0	0.0	0.0	0.0	0.6647542654340448	
1.4594594594594594	0.0	0.0	0.0	0.0	0.0	0.0	0.0	0.0	0.0	0.6619074298256347	
1.4624624624624625	0.0	0.0	0.0	0.0	0.0	0.0	0.0	0.0	0.0	0.6590605942172245	
1.4654654654654655	0.0	0.0	0.0	0.0	0.0	0.0	0.0	0.0	0.0	0.6562137586088145	
1.4684684684684683	0.0	0.0	0.0	0.0	0.0	0.0	0.0	0.0	0.0	0.6533669230004046	
1.4714714714714714	0.0	0.0	0.0	0.0	0.0	0.0	0.0	0.0	0.0	0.6505200873919944	
1.4744744744744744	0.0	0.0	0.0	0.0	0.0	0.0	0.0	0.0	0.0	0.6476732517835843	
1.4774774774774775	0.0	0.0	0.0	0.0	0.0	0.0	0.0	0.0	0.0	0.6443801402700762	
1.4804804804804805	0.0	0.0	0.0	0.0	0.0	0.0	0.0	0.0	0.0	0.6403249811034297	
1.4834834834834836	0.0	0.0	0.0	0.0	0.0	0.0	0.0	0.0	0.0	0.6362698219367833	
1.4864864864864864	0.0	0.0	0.0	0.0	0.0	0.0	0.0	0.0	0.0	0.6322146627701372	
1.4894894894894894	0.0	0.0	0.0	0.0	0.0	0.0	0.0	0.0	0.0	0.6281595036034907	
1.4924924924924925	0.0	0.0	0.0	0.0	0.0	0.0	0.0	0.0	0.0	0.6241043444368443	
1.4954954954954955	0.0	0.0	0.0	0.0	0.0	0.0	0.0	0.0	0.0	0.6200491852701978	
1.4984984984984986	0.0	0.0	0.0	0.0	0.0	0.0	0.0	0.0	0.0	0.6159940261035514	
1.5015015015015014	0.0	0.0	0.0	0.0	0.0	0.0	0.0	0.0	0.0	0.6119388669369052	
1.5045045045045045	0.0	0.0	0.0	0.0	0.0	0.0	0.0	0.0	0.0	0.6072684739863804	
1.5075075075075075	0.0	0.0	0.0	0.0	0.0	0.0	0.0	0.0	0.0	0.5985128729151813	
1.5105105105105106	0.0	0.0	0.0	0.0	0.0	0.0	0.0	0.0	0.0	0.5897572718439821	
1.5135135135135136	0.0	0.0	0.0	0.0	0.0	0.0	0.0	0.0	0.0	0.581001670772783	
1.5165165165165164	0.0	0.0	0.0	0.0	0.0	0.0	0.0	0.0	0.0	0.5722460697015844	
1.5195195195195195	0.0	0.0	0.0	0.0	0.0	0.0	0.0	0.0	0.0	0.5634904686303852	
1.5225225225225225	0.0	0.0	0.0	0.0	0.0	0.0	0.0	0.0	0.0	0.5547348675591861	
1.5255255255255256	0.0	0.0	0.0	0.0	0.0	0.0	0.0	0.0	0.0	0.5459792664879869	
1.5285285285285286	0.0	0.0	0.0	0.0	0.0	0.0	0.0	0.0	0.0	0.5372236654167878	
1.5315315315315314	0.0	0.0	0.0	0.0	0.0	0.0	0.0	0.0	0.0	0.5284680643455892	
1.5345345345345345	0.0	0.0	0.0	0.0	0.0	0.0	0.0	0.0	0.0	0.5230943324923071	
1.5375375375375375	0.0	0.0	0.0	0.0	0.0	0.0	0.0	0.0	0.0	0.5181281859309693	
1.5405405405405406	0.0	0.0	0.0	0.0	0.0	0.0	0.0	0.0	0.0	0.5131620393696317	
1.5435435435435436	0.0	0.0	0.0	0.0	0.0	0.0	0.0	0.0	0.0	0.508195892808294	
1.5465465465465464	0.0	0.0	0.0	0.0	0.0	0.0	0.0	0.0	0.0	0.5032297462469567	
1.5495495495495495	0.0	0.0	0.0	0.0	0.0	0.0	0.0	0.0	0.0	0.498263599685619	
1.5525525525525525	0.0	0.0	0.0	0.0	0.0	0.0	0.0	0.0	0.0	0.49329745312428136	
1.5555555555555556	0.0	0.0	0.0	0.0	0.0	0.0	0.0	0.0	0.0	0.48833130656294366	
1.5585585585585586	0.0	0.0	0.0	0.0	0.0	0.0	0.0	0.0	0.0	0.483365160001606	
1.5615615615615615	0.0	0.0	0.0	0.0	0.0	0.0	0.0	0.0	0.0	0.47615655592834016	
1.5645645645645645	0.0	0.0	0.0	0.0	0.0	0.0	0.0	0.0	0.0	0.46776155403420594	
1.5675675675675675	0.0	0.0	0.0	0.0	0.0	0.0	0.0	0.0	0.0	0.4593665521400717	
1.5705705705705706	0.0	0.0	0.0	0.0	0.0	0.0	0.0	0.0	0.0	0.4509715502459375	
1.5735735735735736	0.0	0.0	0.0	0.0	0.0	0.0	0.0	0.0	0.0	0.44257654835180327	
1.5765765765765765	0.0	0.0	0.0	0.0	0.0	0.0	0.0	0.0	0.0	0.43418154645766965	
1.5795795795795795	0.0	0.0	0.0	0.0	0.0	0.0	0.0	0.0	0.0	0.42578654456353543	
1.5825825825825826	0.0	0.0	0.0	0.0	0.0	0.0	0.0	0.0	0.0	0.4173915426694012	
1.5855855855855856	0.0	0.0	0.0	0.0	0.0	0.0	0.0	0.0	0.0	0.408996540775267	
1.5885885885885886	0.0	0.0	0.0	0.0	0.0	0.0	0.0	0.0	0.0	0.40339342272239487	
1.5915915915915915	0.0	0.0	0.0	0.0	0.0	0.0	0.0	0.0	0.0	0.4017169528641094	
1.5945945945945945	0.0	0.0	0.0	0.0	0.0	0.0	0.0	0.0	0.0	0.4000404830058238	
1.5975975975975976	0.0	0.0	0.0	0.0	0.0	0.0	0.0	0.0	0.0	0.39836401314753817	
1.6006006006006006	0.0	0.0	0.0	0.0	0.0	0.0	0.0	0.0	0.0	0.3966875432892526	
1.6036036036036037	0.0	0.0	0.0	0.0	0.0	0.0	0.0	0.0	0.0	0.395011073430967	
1.6066066066066067	0.0	0.0	0.0	0.0	0.0	0.0	0.0	0.0	0.0	0.39333460357268135	
1.6096096096096095	0.0	0.0	0.0	0.0	0.0	0.0	0.0	0.0	0.0	0.3916581337143959	
1.6126126126126126	0.0	0.0	0.0	0.0	0.0	0.0	0.0	0.0	0.0	0.38998166385611027	
1.6156156156156156	0.0	0.0	0.0	0.0	0.0	0.0	0.0	0.0	0.0	0.3880228507966353	
1.6186186186186187	0.0	0.0	0.0	0.0	0.0	0.0	0.0	0.0	0.0	0.38475215299763965	
1.6216216216216217	0.0	0.0	0.0	0.0	0.0	0.0	0.0	0.0	0.0	0.381481455198644	
1.6246246246246245	0.0	0.0	0.0	0.0	0.0	0.0	0.0	0.0	0.0	0.3782107573996486	
1.6276276276276276	0.0	0.0	0.0	0.0	0.0	0.0	0.0	0.0	0.0	0.37494005960065296	
1.6306306306306306	0.0	0.0	0.0	0.0	0.0	0.0	0.0	0.0	0.0	0.3716693618016573	
1.6336336336336337	0.0	0.0	0.0	0.0	0.0	0.0	0.0	0.0	0.0	0.36839866400266164	
1.6366366366366367	0.0	0.0	0.0	0.0	0.0	0.0	0.0	0.0	0.0	0.365127966203666	
1.6396396396396395	0.0	0.0	0.0	0.0	0.0	0.0	0.0	0.0	0.0	0.3618572684046706	
1.6426426426426426	0.0	0.0	0.0	0.0	0.0	0.0	0.0	0.0	0.0	0.35858657060567495	
1.6456456456456456	0.0	0.0	0.0	0.0	0.0	0.0	0.0	0.0	0.0	0.354437015077008	
1.6486486486486487	0.0	0.0	0.0	0.0	0.0	0.0	0.0	0.0	0.0	0.35023002467791303	
1.6516516516516517	0.0	0.0	0.0	0.0	0.0	0.0	0.0	0.0	0.0	0.34602303427881803	
1.6546546546546546	0.0	0.0	0.0	0.0	0.0	0.0	0.0	0.0	0.0	0.34181604387972336	
1.6576576576576576	0.0	0.0	0.0	0.0	0.0	0.0	0.0	0.0	0.0	0.3376090534806284	
1.6606606606606606	0.0	0.0	0.0	0.0	0.0	0.0	0.0	0.0	0.0	0.3334020630815334	
1.6636636636636637	0.0	0.0	0.0	0.0	0.0	0.0	0.0	0.0	0.0	0.32919507268243847	
1.6666666666666667	0.0	0.0	0.0	0.0	0.0	0.0	0.0	0.0	0.0	0.3249880822833435	
1.6696696696696696	0.0	0.0	0.0	0.0	0.0	0.0	0.0	0.0	0.0	0.32078109188424886	
1.6726726726726726	0.0	0.0	0.0	0.0	0.0	0.0	0.0	0.0	0.0	0.317008216487884	
1.6756756756756757	0.0	0.0	0.0	0.0	0.0	0.0	0.0	0.0	0.0	0.3134212036212873	
1.6786786786786787	0.0	0.0	0.0	0.0	0.0	0.0	0.0	0.0	0.0	0.3098341907546905	
1.6816816816816818	0.0	0.0	0.0	0.0	0.0	0.0	0.0	0.0	0.0	0.30624717788809375	
1.6846846846846846	0.0	0.0	0.0	0.0	0.0	0.0	0.0	0.0	0.0	0.30266016502149723	
1.6876876876876876	0.0	0.0	0.0	0.0	0.0	0.0	0.0	0.0	0.0	0.2990731521549005	
1.6906906906906907	0.0	0.0	0.0	0.0	0.0	0.0	0.0	0.0	0.0	0.2954861392883037	
1.6936936936936937	0.0	0.0	0.0	0.0	0.0	0.0	0.0	0.0	0.0	0.29189912642170696	
1.6966966966966968	0.0	0.0	0.0	0.0	0.0	0.0	0.0	0.0	0.0	0.28831211355511016	
1.6996996996996996	0.0	0.0	0.0	0.0	0.0	0.0	0.0	0.0	0.0	0.2839626513199679	
1.7027027027027026	0.0	0.0	0.0	0.0	0.0	0.0	0.0	0.0	0.0	0.27872447380049326	
1.7057057057057057	0.0	0.0	0.0	0.0	0.0	0.0	0.0	0.0	0.0	0.2734862962810186	
1.7087087087087087	0.0	0.0	0.0	0.0	0.0	0.0	0.0	0.0	0.0	0.268248118761544	
1.7117117117117118	0.0	0.0	0.0	0.0	0.0	0.0	0.0	0.0	0.0	0.26300994124206933	
1.7147147147147146	0.0	0.0	0.0	0.0	0.0	0.0	0.0	0.0	0.0	0.257771763722595	
1.7177177177177176	0.0	0.0	0.0	0.0	0.0	0.0	0.0	0.0	0.0	0.2525335862031204	
1.7207207207207207	0.0	0.0	0.0	0.0	0.0	0.0	0.0	0.0	0.0	0.24729540868364577	
1.7237237237237237	0.0	0.0	0.0	0.0	0.0	0.0	0.0	0.0	0.0	0.2420572311641711	
1.7267267267267268	0.0	0.0	0.0	0.0	0.0	0.0	0.0	0.0	0.0	0.2376992149436824	
1.7297297297297298	0.0	0.0	0.0	0.0	0.0	0.0	0.0	0.0	0.0	0.2364023231665178	
1.7327327327327327	0.0	0.0	0.0	0.0	0.0	0.0	0.0	0.0	0.0	0.23510543138935328	
1.7357357357357357	0.0	0.0	0.0	0.0	0.0	0.0	0.0	0.0	0.0	0.23380853961218867	
1.7387387387387387	0.0	0.0	0.0	0.0	0.0	0.0	0.0	0.0	0.0	0.23251164783502404	
1.7417417417417418	0.0	0.0	0.0	0.0	0.0	0.0	0.0	0.0	0.0	0.23121475605785943	
1.7447447447447448	0.0	0.0	0.0	0.0	0.0	0.0	0.0	0.0	0.0	0.22991786428069483	
1.7477477477477477	0.0	0.0	0.0	0.0	0.0	0.0	0.0	0.0	0.0	0.2286209725035303	
1.7507507507507507	0.0	0.0	0.0	0.0	0.0	0.0	0.0	0.0	0.0	0.22732408072636567	
1.7537537537537538	0.0	0.0	0.0	0.0	0.0	0.0	0.0	0.0	0.0	0.22602718894920107	
1.7567567567567568	0.0	0.0	0.0	0.0	0.0	0.0	0.0	0.0	0.0	0.2236773262206061	
1.7597597597597598	0.0	0.0	0.0	0.0	0.0	0.0	0.0	0.0	0.0	0.2213112895149495	
1.7627627627627627	0.0	0.0	0.0	0.0	0.0	0.0	0.0	0.0	0.0	0.21894525280929306	
1.7657657657657657	0.0	0.0	0.0	0.0	0.0	0.0	0.0	0.0	0.0	0.21657921610363648	
1.7687687687687688	0.0	0.0	0.0	0.0	0.0	0.0	0.0	0.0	0.0	0.21421317939797987	
1.7717717717717718	0.0	0.0	0.0	0.0	0.0	0.0	0.0	0.0	0.0	0.21184714269232327	
1.7747747747747749	0.0	0.0	0.0	0.0	0.0	0.0	0.0	0.0	0.0	0.20948110598666667	
1.7777777777777777	0.0	0.0	0.0	0.0	0.0	0.0	0.0	0.0	0.0	0.20711506928101026	
1.7807807807807807	0.0	0.0	0.0	0.0	0.0	0.0	0.0	0.0	0.0	0.20474903257535365	
1.7837837837837838	0.0	0.0	0.0	0.0	0.0	0.0	0.0	0.0	0.0	0.20275604290479887	
1.7867867867867868	0.0	0.0	0.0	0.0	0.0	0.0	0.0	0.0	0.0	0.20088978400595242	
1.7897897897897899	0.0	0.0	0.0	0.0	0.0	0.0	0.0	0.0	0.0	0.19902352510710597	
1.7927927927927927	0.0	0.0	0.0	0.0	0.0	0.0	0.0	0.0	0.0	0.19715726620825966	
1.7957957957957957	0.0	0.0	0.0	0.0	0.0	0.0	0.0	0.0	0.0	0.1952910073094132	
1.7987987987987988	0.0	0.0	0.0	0.0	0.0	0.0	0.0	0.0	0.0	0.19342474841056675	
1.8018018018018018	0.0	0.0	0.0	0.0	0.0	0.0	0.0	0.0	0.0	0.1915584895117203	
1.8048048048048049	0.0	0.0	0.0	0.0	0.0	0.0	0.0	0.0	0.0	0.18969223061287385	
1.8078078078078077	0.0	0.0	0.0	0.0	0.0	0.0	0.0	0.0	0.0	0.18782597171402754	
1.8108108108108107	0.0	0.0	0.0	0.0	0.0	0.0	0.0	0.0	0.0	0.18636141673905685	
1.8138138138138138	0.0	0.0	0.0	0.0	0.0	0.0	0.0	0.0	0.0	0.185285945509213	
1.8168168168168168	0.0	0.0	0.0	0.0	0.0	0.0	0.0	0.0	0.0	0.18421047427936918	
1.8198198198198199	0.0	0.0	0.0	0.0	0.0	0.0	0.0	0.0	0.0	0.18313500304952537	
1.8228228228228227	0.0	0.0	0.0	0.0	0.0	0.0	0.0	0.0	0.0	0.18205953181968162	
1.8258258258258258	0.0	0.0	0.0	0.0	0.0	0.0	0.0	0.0	0.0	0.1809840605898378	
1.8288288288288288	0.0	0.0	0.0	0.0	0.0	0.0	0.0	0.0	0.0	0.17990858935999396	
1.8318318318318318	0.0	0.0	0.0	0.0	0.0	0.0	0.0	0.0	0.0	0.17883311813015013	
1.834834834834835	0.0	0.0	0.0	0.0	0.0	0.0	0.0	0.0	0.0	0.17775764690030632	
1.8378378378378377	0.0	0.0	0.0	0.0	0.0	0.0	0.0	0.0	0.0	0.17704878257939516	
1.8408408408408408	0.0	0.0	0.0	0.0	0.0	0.0	0.0	0.0	0.0	0.17733346614023618	
1.8438438438438438	0.0	0.0	0.0	0.0	0.0	0.0	0.0	0.0	0.0	0.17761814970107717	
1.8468468468468469	0.0	0.0	0.0	0.0	0.0	0.0	0.0	0.0	0.0	0.1779028332619182	
1.84984984984985	0.0	0.0	0.0	0.0	0.0	0.0	0.0	0.0	0.0	0.1781875168227592	
1.8528528528528527	0.0	0.0	0.0	0.0	0.0	0.0	0.0	0.0	0.0	0.1784722003836002	
1.8558558558558558	0.0	0.0	0.0	0.0	0.0	0.0	0.0	0.0	0.0	0.17875688394444122	
1.8588588588588588	0.0	0.0	0.0	0.0	0.0	0.0	0.0	0.0	0.0	0.17904156750528222	
1.8618618618618619	0.0	0.0	0.0	0.0	0.0	0.0	0.0	0.0	0.0	0.17932625106612324	
1.864864864864865	0.0	0.0	0.0	0.0	0.0	0.0	0.0	0.0	0.0	0.17958556478568494	
1.867867867867868	0.0	0.0	0.0	0.0	0.0	0.0	0.0	0.0	0.0	0.17905415547211506	
1.8708708708708708	0.0	0.0	0.0	0.0	0.0	0.0	0.0	0.0	0.0	0.17852274615854521	
1.8738738738738738	0.0	0.0	0.0	0.0	0.0	0.0	0.0	0.0	0.0	0.1779913368449753	
1.8768768768768769	0.0	0.0	0.0	0.0	0.0	0.0	0.0	0.0	0.0	0.1774599275314054	
1.87987987987988	0.0	0.0	0.0	0.0	0.0	0.0	0.0	0.0	0.0	0.17692851821783553	
1.882882882882883	0.0	0.0	0.0	0.0	0.0	0.0	0.0	0.0	0.0	0.17639710890426563	
1.8858858858858858	0.0	0.0	0.0	0.0	0.0	0.0	0.0	0.0	0.0	0.17586569959069578	
1.8888888888888888	0.0	0.0	0.0	0.0	0.0	0.0	0.0	0.0	0.0	0.17533429027712588	
1.8918918918918919	0.0	0.0	0.0	0.0	0.0	0.0	0.0	0.0	0.0	0.174802880963556	
1.894894894894895	0.0	0.0	0.0	0.0	0.0	0.0	0.0	0.0	0.0	0.1741210371356582	
1.897897897897898	0.0	0.0	0.0	0.0	0.0	0.0	0.0	0.0	0.0	0.17339983878152765	
1.9009009009009008	0.0	0.0	0.0	0.0	0.0	0.0	0.0	0.0	0.0	0.17267864042739714	
1.9039039039039038	0.0	0.0	0.0	0.0	0.0	0.0	0.0	0.0	0.0	0.17195744207326658	
1.906906906906907	0.0	0.0	0.0	0.0	0.0	0.0	0.0	0.0	0.0	0.17123624371913598	
1.90990990990991	0.0	0.0	0.0	0.0	0.0	0.0	0.0	0.0	0.0	0.17051504536500542	
1.912912912912913	0.0	0.0	0.0	0.0	0.0	0.0	0.0	0.0	0.0	0.16979384701087485	
1.9159159159159158	0.0	0.0	0.0	0.0	0.0	0.0	0.0	0.0	0.0	0.16907264865674435	
1.9189189189189189	0.0	0.0	0.0	0.0	0.0	0.0	0.0	0.0	0.0	0.16835145030261378	
1.921921921921922	0.0	0.0	0.0	0.0	0.0	0.0	0.0	0.0	0.0	0.1677529619776579	
1.924924924924925	0.0	0.0	0.0	0.0	0.0	0.0	0.0	0.0	0.0	0.1672531841708481	
1.927927927927928	0.0	0.0	0.0	0.0	0.0	0.0	0.0	0.0	0.0	0.16675340636403835	
1.9309309309309308	0.0	0.0	0.0	0.0	0.0	0.0	0.0	0.0	0.0	0.1662536285572286	
1.9339339339339339	0.0	0.0	0.0	0.0	0.0	0.0	0.0	0.0	0.0	0.16575385075041882	
1.936936936936937	0.0	0.0	0.0	0.0	0.0	0.0	0.0	0.0	0.0	0.16525407294360905	
1.93993993993994	0.0	0.0	0.0	0.0	0.0	0.0	0.0	0.0	0.0	0.1647542951367993	
1.942942942942943	0.0	0.0	0.0	0.0	0.0	0.0	0.0	0.0	0.0	0.1642545173299895	
1.9459459459459458	0.0	0.0	0.0	0.0	0.0	0.0	0.0	0.0	0.0	0.16375473952317976	
1.9489489489489489	0.0	0.0	0.0	0.0	0.0	0.0	0.0	0.0	0.0	0.16310514787715524	
1.951951951951952	0.0	0.0	0.0	0.0	0.0	0.0	0.0	0.0	0.0	0.16213089746894366	
1.954954954954955	0.0	0.0	0.0	0.0	0.0	0.0	0.0	0.0	0.0	0.16115664706073204	
1.957957957957958	0.0	0.0	0.0	0.0	0.0	0.0	0.0	0.0	0.0	0.16018239665252043	
1.9609609609609608	0.0	0.0	0.0	0.0	0.0	0.0	0.0	0.0	0.0	0.1592081462443089	
1.9639639639639639	0.0	0.0	0.0	0.0	0.0	0.0	0.0	0.0	0.0	0.15823389583609732	
1.966966966966967	0.0	0.0	0.0	0.0	0.0	0.0	0.0	0.0	0.0	0.1572596454278857	
1.96996996996997	0.0	0.0	0.0	0.0	0.0	0.0	0.0	0.0	0.0	0.15628539501967412	
1.972972972972973	0.0	0.0	0.0	0.0	0.0	0.0	0.0	0.0	0.0	0.1553111446114625	
1.9759759759759759	0.0	0.0	0.0	0.0	0.0	0.0	0.0	0.0	0.0	0.15428945782000458	
1.978978978978979	0.0	0.0	0.0	0.0	0.0	0.0	0.0	0.0	0.0	0.15270155618064718	
1.981981981981982	0.0	0.0	0.0	0.0	0.0	0.0	0.0	0.0	0.0	0.15111365454128978	
1.984984984984985	0.0	0.0	0.0	0.0	0.0	0.0	0.0	0.0	0.0	0.1495257529019324	
1.987987987987988	0.0	0.0	0.0	0.0	0.0	0.0	0.0	0.0	0.0	0.147937851262575	
1.990990990990991	0.0	0.0	0.0	0.0	0.0	0.0	0.0	0.0	0.0	0.1463499496232176	
1.993993993993994	0.0	0.0	0.0	0.0	0.0	0.0	0.0	0.0	0.0	0.14476204798386033	
1.996996996996997	0.0	0.0	0.0	0.0	0.0	0.0	0.0	0.0	0.0	0.14317414634450293	
2.0	0.0	0.0	0.0	0.0	0.0	0.0	0.0	0.0	0.0	0.14158624470514555	
2.003003003003003	0.0	0.0	0.0	0.0	0.0	0.0	0.0	0.0	0.0	0.13999834306578826	
2.006006006006006	0.0	0.0	0.0	0.0	0.0	0.0	0.0	0.0	0.0	0.13750827637333782	
2.009009009009009	0.0	0.0	0.0	0.0	0.0	0.0	0.0	0.0	0.0	0.13484490350413628	
2.012012012012012	0.0	0.0	0.0	0.0	0.0	0.0	0.0	0.0	0.0	0.13218153063493437	
2.015015015015015	0.0	0.0	0.0	0.0	0.0	0.0	0.0	0.0	0.0	0.12951815776573283	
2.018018018018018	0.0	0.0	0.0	0.0	0.0	0.0	0.0	0.0	0.0	0.12685478489653132	
2.021021021021021	0.0	0.0	0.0	0.0	0.0	0.0	0.0	0.0	0.0	0.12419141202732939	
2.024024024024024	0.0	0.0	0.0	0.0	0.0	0.0	0.0	0.0	0.0	0.12152803915812788	
2.027027027027027	0.0	0.0	0.0	0.0	0.0	0.0	0.0	0.0	0.0	0.11886466628892595	
2.03003003003003	0.0	0.0	0.0	0.0	0.0	0.0	0.0	0.0	0.0	0.11620129341972442	
2.033033033033033	0.0	0.0	0.0	0.0	0.0	0.0	0.0	0.0	0.0	0.11378861298874698	
2.036036036036036	0.0	0.0	0.0	0.0	0.0	0.0	0.0	0.0	0.0	0.11154277600877903	
2.039039039039039	0.0	0.0	0.0	0.0	0.0	0.0	0.0	0.0	0.0	0.10929693902881141	
2.042042042042042	0.0	0.0	0.0	0.0	0.0	0.0	0.0	0.0	0.0	0.10705110204884344	
2.045045045045045	0.0	0.0	0.0	0.0	0.0	0.0	0.0	0.0	0.0	0.10480526506887582	
2.048048048048048	0.0	0.0	0.0	0.0	0.0	0.0	0.0	0.0	0.0	0.10255942808890818	
2.051051051051051	0.0	0.0	0.0	0.0	0.0	0.0	0.0	0.0	0.0	0.10031359110894023	
2.054054054054054	0.0	0.0	0.0	0.0	0.0	0.0	0.0	0.0	0.0	0.09806775412897259	
2.057057057057057	0.0	0.0	0.0	0.0	0.0	0.0	0.0	0.0	0.0	0.09582191714900463	
2.06006006006006	0.0	0.0	0.0	0.0	0.0	0.0	0.0	0.0	0.0	0.0939126936019534	
2.063063063063063	0.0	0.0	0.0	0.0	0.0	0.0	0.0	0.0	0.0	0.09259682292073265	
2.066066066066066	0.0	0.0	0.0	0.0	0.0	0.0	0.0	0.0	0.0	0.0912809522395117	
2.069069069069069	0.0	0.0	0.0	0.0	0.0	0.0	0.0	0.0	0.0	0.08996508155829096	
2.0720720720720722	0.0	0.0	0.0	0.0	0.0	0.0	0.0	0.0	0.0	0.08864921087707	
2.075075075075075	0.0	0.0	0.0	0.0	0.0	0.0	0.0	0.0	0.0	0.08733334019584926	
2.078078078078078	0.0	0.0	0.0	0.0	0.0	0.0	0.0	0.0	0.0	0.0860174695146285	
2.081081081081081	0.0	0.0	0.0	0.0	0.0	0.0	0.0	0.0	0.0	0.08470159883340757	
2.084084084084084	0.0	0.0	0.0	0.0	0.0	0.0	0.0	0.0	0.0	0.08338572815218681	
2.0870870870870872	0.0	0.0	0.0	0.0	0.0	0.0	0.0	0.0	0.0	0.0821034578567855	
2.09009009009009	0.0	0.0	0.0	0.0	0.0	0.0	0.0	0.0	0.0	0.08105961813370187	
2.093093093093093	0.0	0.0	0.0	0.0	0.0	0.0	0.0	0.0	0.0	0.08001577841061824	
2.096096096096096	0.0	0.0	0.0	0.0	0.0	0.0	0.0	0.0	0.0	0.07897193868753448	
2.099099099099099	0.0	0.0	0.0	0.0	0.0	0.0	0.0	0.0	0.0	0.07792809896445085	
2.1021021021021022	0.0	0.0	0.0	0.0	0.0	0.0	0.0	0.0	0.0	0.07688425924136708	
2.105105105105105	0.0	0.0	0.0	0.0	0.0	0.0	0.0	0.0	0.0	0.07584041951828346	
2.108108108108108	0.0	0.0	0.0	0.0	0.0	0.0	0.0	0.0	0.0	0.07479657979519984	
2.111111111111111	0.0	0.0	0.0	0.0	0.0	0.0	0.0	0.0	0.0	0.07375274007211606	
2.114114114114114	0.0	0.0	0.0	0.0	0.0	0.0	0.0	0.0	0.0	0.07270890034903245	
2.1171171171171173	0.0	0.0	0.0	0.0	0.0	0.0	0.0	0.0	0.0	0.07135150415497045	
2.12012012012012	0.0	0.0	0.0	0.0	0.0	0.0	0.0	0.0	0.0	0.06995339155617371	
2.123123123123123	0.0	0.0	0.0	0.0	0.0	0.0	0.0	0.0	0.0	0.06855527895737695	
2.126126126126126	0.0	0.0	0.0	0.0	0.0	0.0	0.0	0.0	0.0	0.06715716635858	
2.129129129129129	0.0	0.0	0.0	0.0	0.0	0.0	0.0	0.0	0.0	0.06575905375978325	
2.1321321321321323	0.0	0.0	0.0	0.0	0.0	0.0	0.0	0.0	0.0	0.0643609411609863	
2.135135135135135	0.0	0.0	0.0	0.0	0.0	0.0	0.0	0.0	0.0	0.06296282856218954	
2.138138138138138	0.0	0.0	0.0	0.0	0.0	0.0	0.0	0.0	0.0	0.061564715963392795	
2.141141141141141	0.0	0.0	0.0	0.0	0.0	0.0	0.0	0.0	0.0	0.06016660336459584	
2.144144144144144	0.0	0.0	0.0	0.0	0.0	0.0	0.0	0.0	0.0	0.05887484999848446	
2.1471471471471473	0.0	0.0	0.0	0.0	0.0	0.0	0.0	0.0	0.0	0.057641221234839876	
2.15015015015015	0.0	0.0	0.0	0.0	0.0	0.0	0.0	0.0	0.0	0.05640759247119547	
2.153153153153153	0.0	0.0	0.0	0.0	0.0	0.0	0.0	0.0	0.0	0.05517396370755107	
2.156156156156156	0.0	0.0	0.0	0.0	0.0	0.0	0.0	0.0	0.0	0.05394033494390649	
2.159159159159159	0.0	0.0	0.0	0.0	0.0	0.0	0.0	0.0	0.0	0.05270670618026208	
2.1621621621621623	0.0	0.0	0.0	0.0	0.0	0.0	0.0	0.0	0.0	0.051473077416617496	
2.165165165165165	0.0	0.0	0.0	0.0	0.0	0.0	0.0	0.0	0.0	0.0502394486529731	
2.168168168168168	0.0	0.0	0.0	0.0	0.0	0.0	0.0	0.0	0.0	0.04900581988932869	
2.171171171171171	0.0	0.0	0.0	0.0	0.0	0.0	0.0	0.0	0.0	0.04805882162396935	
2.174174174174174	0.0	0.0	0.0	0.0	0.0	0.0	0.0	0.0	0.0	0.047527412310399586	
2.1771771771771773	0.0	0.0	0.0	0.0	0.0	0.0	0.0	0.0	0.0	0.04699600299682974	
2.18018018018018	0.0	0.0	0.0	0.0	0.0	0.0	0.0	0.0	0.0	0.04646459368325997	
2.1831831831831834	0.0	0.0	0.0	0.0	0.0	0.0	0.0	0.0	0.0	0.04593318436969012	
2.186186186186186	0.0	0.0	0.0	0.0	0.0	0.0	0.0	0.0	0.0	0.04540177505612035	
2.189189189189189	0.0	0.0	0.0	0.0	0.0	0.0	0.0	0.0	0.0	0.044870365742550586	
2.1921921921921923	0.0	0.0	0.0	0.0	0.0	0.0	0.0	0.0	0.0	0.04433895642898074	
2.195195195195195	0.0	0.0	0.0	0.0	0.0	0.0	0.0	0.0	0.0	0.04380754711541097	
2.1981981981981984	0.0	0.0	0.0	0.0	0.0	0.0	0.0	0.0	0.0	0.043316941204870854	
2.201201201201201	0.0	0.0	0.0	0.0	0.0	0.0	0.0	0.0	0.0	0.043025931342677765	
2.204204204204204	0.0	0.0	0.0	0.0	0.0	0.0	0.0	0.0	0.0	0.042734921480484675	
2.2072072072072073	0.0	0.0	0.0	0.0	0.0	0.0	0.0	0.0	0.0	0.042443911618291544	
2.21021021021021	0.0	0.0	0.0	0.0	0.0	0.0	0.0	0.0	0.0	0.042152901756098454	
2.2132132132132134	0.0	0.0	0.0	0.0	0.0	0.0	0.0	0.0	0.0	0.04186189189390532	
2.2162162162162162	0.0	0.0	0.0	0.0	0.0	0.0	0.0	0.0	0.0	0.041570882031712234	
2.219219219219219	0.0	0.0	0.0	0.0	0.0	0.0	0.0	0.0	0.0	0.041279872169519144	
2.2222222222222223	0.0	0.0	0.0	0.0	0.0	0.0	0.0	0.0	0.0	0.04098886230732601	
2.225225225225225	0.0	0.0	0.0	0.0	0.0	0.0	0.0	0.0	0.0	0.04069785244513292	
2.2282282282282284	0.0	0.0	0.0	0.0	0.0	0.0	0.0	0.0	0.0	0.039505428985734545	
2.2312312312312312	0.0	0.0	0.0	0.0	0.0	0.0	0.0	0.0	0.0	0.03824649501668222	
2.234234234234234	0.0	0.0	0.0	0.0	0.0	0.0	0.0	0.0	0.0	0.03698756104762991	
2.2372372372372373	0.0	0.0	0.0	0.0	0.0	0.0	0.0	0.0	0.0	0.03572862707857741	
2.24024024024024	0.0	0.0	0.0	0.0	0.0	0.0	0.0	0.0	0.0	0.03446969310952509	
2.2432432432432434	0.0	0.0	0.0	0.0	0.0	0.0	0.0	0.0	0.0	0.033210759140472584	
2.2462462462462462	0.0	0.0	0.0	0.0	0.0	0.0	0.0	0.0	0.0	0.03195182517142027	
2.249249249249249	0.0	0.0	0.0	0.0	0.0	0.0	0.0	0.0	0.0	0.030692891202367952	
2.2522522522522523	0.0	0.0	0.0	0.0	0.0	0.0	0.0	0.0	0.0	0.029433957233315447	
2.255255255255255	0.0	0.0	0.0	0.0	0.0	0.0	0.0	0.0	0.0	0.028683463926965677	
2.2582582582582584	0.0	0.0	0.0	0.0	0.0	0.0	0.0	0.0	0.0	0.02815838091474772	
2.2612612612612613	0.0	0.0	0.0	0.0	0.0	0.0	0.0	0.0	0.0	0.02763329790252984	
2.264264264264264	0.0	0.0	0.0	0.0	0.0	0.0	0.0	0.0	0.0	0.027108214890311958	
2.2672672672672673	0.0	0.0	0.0	0.0	0.0	0.0	0.0	0.0	0.0	0.026583131878094	
2.27027027027027	0.0	0.0	0.0	0.0	0.0	0.0	0.0	0.0	0.0	0.026058048865876118	
2.2732732732732734	0.0	0.0	0.0	0.0	0.0	0.0	0.0	0.0	0.0	0.02553296585365816	
2.2762762762762763	0.0	0.0	0.0	0.0	0.0	0.0	0.0	0.0	0.0	0.02500788284144028	
2.279279279279279	0.0	0.0	0.0	0.0	0.0	0.0	0.0	0.0	0.0	0.0244827998292224	
2.2822822822822824	0.0	0.0	0.0	0.0	0.0	0.0	0.0	0.0	0.0	0.024299797332884246	
2.285285285285285	0.0	0.0	0.0	0.0	0.0	0.0	0.0	0.0	0.0	0.02452754418155704	
2.2882882882882885	0.0	0.0	0.0	0.0	0.0	0.0	0.0	0.0	0.0	0.02475529103022986	
2.2912912912912913	0.0	0.0	0.0	0.0	0.0	0.0	0.0	0.0	0.0	0.02498303787890265	
2.294294294294294	0.0	0.0	0.0	0.0	0.0	0.0	0.0	0.0	0.0	0.02521078472757544	
2.2972972972972974	0.0	0.0	0.0	0.0	0.0	0.0	0.0	0.0	0.0	0.025438531576248265	
2.3003003003003	0.0	0.0	0.0	0.0	0.0	0.0	0.0	0.0	0.0	0.025666278424921054	
2.3033033033033035	0.0	0.0	0.0	0.0	0.0	0.0	0.0	0.0	0.0	0.025894025273593878	
2.3063063063063063	0.0	0.0	0.0	0.0	0.0	0.0	0.0	0.0	0.0	0.026121772122266667	
2.309309309309309	0.0	0.0	0.0	0.0	0.0	0.0	0.0	0.0	0.0	0.026236129084800296	
2.3123123123123124	0.0	0.0	0.0	0.0	0.0	0.0	0.0	0.0	0.0	0.025938792921255262	
2.315315315315315	0.0	0.0	0.0	0.0	0.0	0.0	0.0	0.0	0.0	0.02564145675771027	
2.3183183183183185	0.0	0.0	0.0	0.0	0.0	0.0	0.0	0.0	0.0	0.025344120594165236	
2.3213213213213213	0.0	0.0	0.0	0.0	0.0	0.0	0.0	0.0	0.0	0.025046784430620247	
2.324324324324324	0.0	0.0	0.0	0.0	0.0	0.0	0.0	0.0	0.0	0.024749448267075255	
2.3273273273273274	0.0	0.0	0.0	0.0	0.0	0.0	0.0	0.0	0.0	0.02445211210353022	
2.33033033033033	0.0	0.0	0.0	0.0	0.0	0.0	0.0	0.0	0.0	0.024154775939985232	
2.3333333333333335	0.0	0.0	0.0	0.0	0.0	0.0	0.0	0.0	0.0	0.023857439776440198	
2.3363363363363363	0.0	0.0	0.0	0.0	0.0	0.0	0.0	0.0	0.0	0.023560103612895206	
2.339339339339339	0.0	0.0	0.0	0.0	0.0	0.0	0.0	0.0	0.0	0.02331223914199934	
2.3423423423423424	0.0	0.0	0.0	0.0	0.0	0.0	0.0	0.0	0.0	0.023065513389270403	
2.3453453453453452	0.0	0.0	0.0	0.0	0.0	0.0	0.0	0.0	0.0	0.022818787636541504	
2.3483483483483485	0.0	0.0	0.0	0.0	0.0	0.0	0.0	0.0	0.0	0.022572061883812566	
2.3513513513513513	0.0	0.0	0.0	0.0	0.0	0.0	0.0	0.0	0.0	0.022325336131083666	
2.354354354354354	0.0	0.0	0.0	0.0	0.0	0.0	0.0	0.0	0.0	0.022078610378354766	
2.3573573573573574	0.0	0.0	0.0	0.0	0.0	0.0	0.0	0.0	0.0	0.021831884625625828	
2.3603603603603602	0.0	0.0	0.0	0.0	0.0	0.0	0.0	0.0	0.0	0.02158515887289693	
2.3633633633633635	0.0	0.0	0.0	0.0	0.0	0.0	0.0	0.0	0.0	0.02133843312016799	
2.3663663663663663	0.0	0.0	0.0	0.0	0.0	0.0	0.0	0.0	0.0	0.021101058324646718	
2.369369369369369	0.0	0.0	0.0	0.0	0.0	0.0	0.0	0.0	0.0	0.02086698517462194	
2.3723723723723724	0.0	0.0	0.0	0.0	0.0	0.0	0.0	0.0	0.0	0.020632912024597126	
2.3753753753753752	0.0	0.0	0.0	0.0	0.0	0.0	0.0	0.0	0.0	0.020398838874572348	
2.3783783783783785	0.0	0.0	0.0	0.0	0.0	0.0	0.0	0.0	0.0	0.020164765724547534	
2.3813813813813813	0.0	0.0	0.0	0.0	0.0	0.0	0.0	0.0	0.0	0.019930692574522756	
2.384384384384384	0.0	0.0	0.0	0.0	0.0	0.0	0.0	0.0	0.0	0.019696619424497977	
2.3873873873873874	0.0	0.0	0.0	0.0	0.0	0.0	0.0	0.0	0.0	0.019462546274473164	
2.3903903903903903	0.0	0.0	0.0	0.0	0.0	0.0	0.0	0.0	0.0	0.019228473124448385	
2.3933933933933935	0.0	0.0	0.0	0.0	0.0	0.0	0.0	0.0	0.0	0.018924726070642325	
2.3963963963963963	0.0	0.0	0.0	0.0	0.0	0.0	0.0	0.0	0.0	0.01855147429087299	
2.399399399399399	0.0	0.0	0.0	0.0	0.0	0.0	0.0	0.0	0.0	0.018178222511103653	
2.4024024024024024	0.0	0.0	0.0	0.0	0.0	0.0	0.0	0.0	0.0	0.017804970731334267	
2.4054054054054053	0.0	0.0	0.0	0.0	0.0	0.0	0.0	0.0	0.0	0.01743171895156493	
2.4084084084084085	0.0	0.0	0.0	0.0	0.0	0.0	0.0	0.0	0.0	0.017058467171795544	
2.4114114114114114	0.0	0.0	0.0	0.0	0.0	0.0	0.0	0.0	0.0	0.016685215392026206	
2.414414414414414	0.0	0.0	0.0	0.0	0.0	0.0	0.0	0.0	0.0	0.016311963612256872	
2.4174174174174174	0.0	0.0	0.0	0.0	0.0	0.0	0.0	0.0	0.0	0.015938711832487483	
2.4204204204204203	0.0	0.0	0.0	0.0	0.0	0.0	0.0	0.0	0.0	0.015572094103314374	
2.4234234234234235	0.0	0.0	0.0	0.0	0.0	0.0	0.0	0.0	0.0	0.015224147528953137	
2.4264264264264264	0.0	0.0	0.0	0.0	0.0	0.0	0.0	0.0	0.0	0.014876200954591952	
2.429429429429429	0.0	0.0	0.0	0.0	0.0	0.0	0.0	0.0	0.0	0.014528254380230766	
2.4324324324324325	0.0	0.0	0.0	0.0	0.0	0.0	0.0	0.0	0.0	0.014180307805869529	
2.4354354354354353	0.0	0.0	0.0	0.0	0.0	0.0	0.0	0.0	0.0	0.013832361231508343	
2.4384384384384385	0.0	0.0	0.0	0.0	0.0	0.0	0.0	0.0	0.0	0.013484414657147106	
2.4414414414414414	0.0	0.0	0.0	0.0	0.0	0.0	0.0	0.0	0.0	0.01313646808278592	
2.4444444444444446	0.0	0.0	0.0	0.0	0.0	0.0	0.0	0.0	0.0	0.012788521508424683	
2.4474474474474475	0.0	0.0	0.0	0.0	0.0	0.0	0.0	0.0	0.0	0.012444925794542368	
2.4504504504504503	0.0	0.0	0.0	0.0	0.0	0.0	0.0	0.0	0.0	0.012280441959389774	
2.4534534534534536	0.0	0.0	0.0	0.0	0.0	0.0	0.0	0.0	0.0	0.012115958124237153	
2.4564564564564564	0.0	0.0	0.0	0.0	0.0	0.0	0.0	0.0	0.0	0.011951474289084558	
2.4594594594594597	0.0	0.0	0.0	0.0	0.0	0.0	0.0	0.0	0.0	0.01178699045393194	
2.4624624624624625	0.0	0.0	0.0	0.0	0.0	0.0	0.0	0.0	0.0	0.011622506618779345	
2.4654654654654653	0.0	0.0	0.0	0.0	0.0	0.0	0.0	0.0	0.0	0.01145802278362675	
2.4684684684684686	0.0	0.0	0.0	0.0	0.0	0.0	0.0	0.0	0.0	0.011293538948474131	
2.4714714714714714	0.0	0.0	0.0	0.0	0.0	0.0	0.0	0.0	0.0	0.011129055113321537	
2.4744744744744747	0.0	0.0	0.0	0.0	0.0	0.0	0.0	0.0	0.0	0.010964571278168918	
2.4774774774774775	0.0	0.0	0.0	0.0	0.0	0.0	0.0	0.0	0.0	0.01075537681059927	
2.4804804804804803	0.0	0.0	0.0	0.0	0.0	0.0	0.0	0.0	0.0	0.010533956263278502	
2.4834834834834836	0.0	0.0	0.0	0.0	0.0	0.0	0.0	0.0	0.0	0.0103125357159577	
2.4864864864864864	0.0	0.0	0.0	0.0	0.0	0.0	0.0	0.0	0.0	0.010091115168636932	
2.4894894894894897	0.0	0.0	0.0	0.0	0.0	0.0	0.0	0.0	0.0	0.009869694621316132	
2.4924924924924925	0.0	0.0	0.0	0.0	0.0	0.0	0.0	0.0	0.0	0.009648274073995364	
2.4954954954954953	0.0	0.0	0.0	0.0	0.0	0.0	0.0	0.0	0.0	0.009426853526674595	
2.4984984984984986	0.0	0.0	0.0	0.0	0.0	0.0	0.0	0.0	0.0	0.009205432979353795	
2.5015015015015014	0.0	0.0	0.0	0.0	0.0	0.0	0.0	0.0	0.0	0.008984012432033027	
2.5045045045045047	0.0	0.0	0.0	0.0	0.0	0.0	0.0	0.0	0.0	0.008835238551160701	
2.5075075075075075	0.0	0.0	0.0	0.0	0.0	0.0	0.0	0.0	0.0	0.008746670332232408	
2.5105105105105103	0.0	0.0	0.0	0.0	0.0	0.0	0.0	0.0	0.0	0.008658102113304113	
2.5135135135135136	0.0	0.0	0.0	0.0	0.0	0.0	0.0	0.0	0.0	0.008569533894375807	
2.5165165165165164	0.0	0.0	0.0	0.0	0.0	0.0	0.0	0.0	0.0	0.008480965675447514	
2.5195195195195197	0.0	0.0	0.0	0.0	0.0	0.0	0.0	0.0	0.0	0.008392397456519207	
2.5225225225225225	0.0	0.0	0.0	0.0	0.0	0.0	0.0	0.0	0.0	0.008303829237590914	
2.5255255255255253	0.0	0.0	0.0	0.0	0.0	0.0	0.0	0.0	0.0	0.00821526101866262	
2.5285285285285286	0.0	0.0	0.0	0.0	0.0	0.0	0.0	0.0	0.0	0.008126692799734313	
2.5315315315315314	0.0	0.0	0.0	0.0	0.0	0.0	0.0	0.0	0.0	0.008022517524073155	
2.5345345345345347	0.0	0.0	0.0	0.0	0.0	0.0	0.0	0.0	0.0	0.007883338894328636	
2.5375375375375375	0.0	0.0	0.0	0.0	0.0	0.0	0.0	0.0	0.0	0.007744160264584137	
2.5405405405405403	0.0	0.0	0.0	0.0	0.0	0.0	0.0	0.0	0.0	0.007604981634839638	
2.5435435435435436	0.0	0.0	0.0	0.0	0.0	0.0	0.0	0.0	0.0	0.007465803005095118	
2.5465465465465464	0.0	0.0	0.0	0.0	0.0	0.0	0.0	0.0	0.0	0.007326624375350619	
2.5495495495495497	0.0	0.0	0.0	0.0	0.0	0.0	0.0	0.0	0.0	0.007187445745606099	
2.5525525525525525	0.0	0.0	0.0	0.0	0.0	0.0	0.0	0.0	0.0	0.0070482671158616	
2.5555555555555554	0.0	0.0	0.0	0.0	0.0	0.0	0.0	0.0	0.0	0.006909088486117101	
2.5585585585585586	0.0	0.0	0.0	0.0	0.0	0.0	0.0	0.0	0.0	0.006764601067001689	
2.5615615615615615	0.0	0.0	0.0	0.0	0.0	0.0	0.0	0.0	0.0	0.006549506821032952	
2.5645645645645647	0.0	0.0	0.0	0.0	0.0	0.0	0.0	0.0	0.0	0.006334412575064181	
2.5675675675675675	0.0	0.0	0.0	0.0	0.0	0.0	0.0	0.0	0.0	0.006119318329095444	
2.5705705705705704	0.0	0.0	0.0	0.0	0.0	0.0	0.0	0.0	0.0	0.0059042240831267065	
2.5735735735735736	0.0	0.0	0.0	0.0	0.0	0.0	0.0	0.0	0.0	0.005689129837157936	
2.5765765765765765	0.0	0.0	0.0	0.0	0.0	0.0	0.0	0.0	0.0	0.005474035591189199	
2.5795795795795797	0.0	0.0	0.0	0.0	0.0	0.0	0.0	0.0	0.0	0.005258941345220429	
2.5825825825825826	0.0	0.0	0.0	0.0	0.0	0.0	0.0	0.0	0.0	0.005043847099251691	
2.5855855855855854	0.0	0.0	0.0	0.0	0.0	0.0	0.0	0.0	0.0	0.004828752853282953	
2.5885885885885886	0.0	0.0	0.0	0.0	0.0	0.0	0.0	0.0	0.0	0.004629439259780856	
2.5915915915915915	0.0	0.0	0.0	0.0	0.0	0.0	0.0	0.0	0.0	0.004433323917868165	
2.5945945945945947	0.0	0.0	0.0	0.0	0.0	0.0	0.0	0.0	0.0	0.004237208575955443	
2.5975975975975976	0.0	0.0	0.0	0.0	0.0	0.0	0.0	0.0	0.0	0.004041093234042751	
2.6006006006006004	0.0	0.0	0.0	0.0	0.0	0.0	0.0	0.0	0.0	0.00384497789213006	
2.6036036036036037	0.0	0.0	0.0	0.0	0.0	0.0	0.0	0.0	0.0	0.003648862550217339	
2.6066066066066065	0.0	0.0	0.0	0.0	0.0	0.0	0.0	0.0	0.0	0.003452747208304647	
2.6096096096096097	0.0	0.0	0.0	0.0	0.0	0.0	0.0	0.0	0.0	0.0032566318663919264	
2.6126126126126126	0.0	0.0	0.0	0.0	0.0	0.0	0.0	0.0	0.0	0.0030605165244792345	
2.6156156156156154	0.0	0.0	0.0	0.0	0.0	0.0	0.0	0.0	0.0	0.0029807049524239715	
2.6186186186186187	0.0	0.0	0.0	0.0	0.0	0.0	0.0	0.0	0.0	0.0029807049524239767	
2.6216216216216215	0.0	0.0	0.0	0.0	0.0	0.0	0.0	0.0	0.0	0.002980704952423982	
2.6246246246246248	0.0	0.0	0.0	0.0	0.0	0.0	0.0	0.0	0.0	0.0029807049524239867	
2.6276276276276276	0.0	0.0	0.0	0.0	0.0	0.0	0.0	0.0	0.0	0.002980704952423992	
2.6306306306306304	0.0	0.0	0.0	0.0	0.0	0.0	0.0	0.0	0.0	0.002980704952423997	
2.6336336336336337	0.0	0.0	0.0	0.0	0.0	0.0	0.0	0.0	0.0	0.0029807049524240023	
2.6366366366366365	0.0	0.0	0.0	0.0	0.0	0.0	0.0	0.0	0.0	0.0029807049524240075	
2.6396396396396398	0.0	0.0	0.0	0.0	0.0	0.0	0.0	0.0	0.0	0.0029807049524240123	
2.6426426426426426	0.0	0.0	0.0	0.0	0.0	0.0	0.0	0.0	0.0	0.002899947897194148	
2.6456456456456454	0.0	0.0	0.0	0.0	0.0	0.0	0.0	0.0	0.0	0.002672201048521349	
2.6486486486486487	0.0	0.0	0.0	0.0	0.0	0.0	0.0	0.0	0.0	0.0024444541998485166	
2.6516516516516515	0.0	0.0	0.0	0.0	0.0	0.0	0.0	0.0	0.0	0.002216707351175718	
2.6546546546546548	0.0	0.0	0.0	0.0	0.0	0.0	0.0	0.0	0.0	0.0019889605025028853	
2.6576576576576576	0.0	0.0	0.0	0.0	0.0	0.0	0.0	0.0	0.0	0.0017612136538300864	
2.6606606606606604	0.0	0.0	0.0	0.0	0.0	0.0	0.0	0.0	0.0	0.0015334668051572875	
2.6636636636636637	0.0	0.0	0.0	0.0	0.0	0.0	0.0	0.0	0.0	0.001305719956484455	
2.6666666666666665	0.0	0.0	0.0	0.0	0.0	0.0	0.0	0.0	0.0	0.001077973107811656	
2.66966966966967	0.0	0.0	0.0	0.0	0.0	0.0	0.0	0.0	0.0	0.0008788822328539115	
2.6726726726726726	0.0	0.0	0.0	0.0	0.0	0.0	0.0	0.0	0.0	0.0008978611369099773	
2.6756756756756754	0.0	0.0	0.0	0.0	0.0	0.0	0.0	0.0	0.0	0.0009168400409660431	
2.6786786786786787	0.0	0.0	0.0	0.0	0.0	0.0	0.0	0.0	0.0	0.0009358189450221118	
2.6816816816816815	0.0	0.0	0.0	0.0	0.0	0.0	0.0	0.0	0.0	0.0009547978490781776	
2.684684684684685	0.0	0.0	0.0	0.0	0.0	0.0	0.0	0.0	0.0	0.0009737767531342462	
2.6876876876876876	0.0	0.0	0.0	0.0	0.0	0.0	0.0	0.0	0.0	0.000992755657190312	
2.6906906906906904	0.0	0.0	0.0	0.0	0.0	0.0	0.0	0.0	0.0	0.001011734561246378	
2.6936936936936937	0.0	0.0	0.0	0.0	0.0	0.0	0.0	0.0	0.0	0.0010307134653024467	
2.6966966966966965	0.0	0.0	0.0	0.0	0.0	0.0	0.0	0.0	0.0	0.0010496923693585124	
2.6996996996997	0.0	0.0	0.0	0.0	0.0	0.0	0.0	0.0	0.0	0.0010075928171686065	
2.7027027027027026	0.0	0.0	0.0	0.0	0.0	0.0	0.0	0.0	0.0	0.000956982406352432	
2.705705705705706	0.0	0.0	0.0	0.0	0.0	0.0	0.0	0.0	0.0	0.0009063719955362499	
2.7087087087087087	0.0	0.0	0.0	0.0	0.0	0.0	0.0	0.0	0.0	0.0008557615847200753	
2.7117117117117115	0.0	0.0	0.0	0.0	0.0	0.0	0.0	0.0	0.0	0.0008051511739039008	
2.714714714714715	0.0	0.0	0.0	0.0	0.0	0.0	0.0	0.0	0.0	0.0007545407630877187	
2.7177177177177176	0.0	0.0	0.0	0.0	0.0	0.0	0.0	0.0	0.0	0.0007039303522715441	
2.720720720720721	0.0	0.0	0.0	0.0	0.0	0.0	0.0	0.0	0.0	0.0006533199414553621	
2.7237237237237237	0.0	0.0	0.0	0.0	0.0	0.0	0.0	0.0	0.0	0.0006027095306391875	
2.7267267267267266	0.0	0.0	0.0	0.0	0.0	0.0	0.0	0.0	0.0	0.0005642314316852652	
2.72972972972973	0.0	0.0	0.0	0.0	0.0	0.0	0.0	0.0	0.0	0.0005325999249251493	
2.7327327327327327	0.0	0.0	0.0	0.0	0.0	0.0	0.0	0.0	0.0	0.000500968418165038	
2.735735735735736	0.0	0.0	0.0	0.0	0.0	0.0	0.0	0.0	0.0	0.0004693369114049221	
2.7387387387387387	0.0	0.0	0.0	0.0	0.0	0.0	0.0	0.0	0.0	0.00043770540464481086	
2.7417417417417416	0.0	0.0	0.0	0.0	0.0	0.0	0.0	0.0	0.0	0.0004060738978846996	
2.744744744744745	0.0	0.0	0.0	0.0	0.0	0.0	0.0	0.0	0.0	0.0003744423911245837	
2.7477477477477477	0.0	0.0	0.0	0.0	0.0	0.0	0.0	0.0	0.0	0.0003428108843644724	
2.750750750750751	0.0	0.0	0.0	0.0	0.0	0.0	0.0	0.0	0.0	0.0003111793776043565	
2.7537537537537538	0.0	0.0	0.0	0.0	0.0	0.0	0.0	0.0	0.0	0.0002922259757278403	
2.7567567567567566	0.0	0.0	0.0	0.0	0.0	0.0	0.0	0.0	0.0	0.00029222597572784077	
2.75975975975976	0.0	0.0	0.0	0.0	0.0	0.0	0.0	0.0	0.0	0.00029222597572784126	
2.7627627627627627	0.0	0.0	0.0	0.0	0.0	0.0	0.0	0.0	0.0	0.0002922259757278418	
2.765765765765766	0.0	0.0	0.0	0.0	0.0	0.0	0.0	0.0	0.0	0.0002922259757278423	
2.7687687687687688	0.0	0.0	0.0	0.0	0.0	0.0	0.0	0.0	0.0	0.0002922259757278428	
2.7717717717717716	0.0	0.0	0.0	0.0	0.0	0.0	0.0	0.0	0.0	0.0002922259757278433	
2.774774774774775	0.0	0.0	0.0	0.0	0.0	0.0	0.0	0.0	0.0	0.0002922259757278438	
2.7777777777777777	0.0	0.0	0.0	0.0	0.0	0.0	0.0	0.0	0.0	0.0002922259757278443	
2.780780780780781	0.0	0.0	0.0	0.0	0.0	0.0	0.0	0.0	0.0	0.000287090285731084	
2.7837837837837838	0.0	0.0	0.0	0.0	0.0	0.0	0.0	0.0	0.0	0.0002554587789709733	
2.7867867867867866	0.0	0.0	0.0	0.0	0.0	0.0	0.0	0.0	0.0	0.00022382727221086253	
2.78978978978979	0.0	0.0	0.0	0.0	0.0	0.0	0.0	0.0	0.0	0.0001921957654507471	
2.7927927927927927	0.0	0.0	0.0	0.0	0.0	0.0	0.0	0.0	0.0	0.00016056425869063635	
2.795795795795796	0.0	0.0	0.0	0.0	0.0	0.0	0.0	0.0	0.0	0.00012893275193052092	
2.798798798798799	0.0	0.0	0.0	0.0	0.0	0.0	0.0	0.0	0.0	9.730124517041017e-05	
2.8018018018018016	0.0	0.0	0.0	0.0	0.0	0.0	0.0	0.0	0.0	6.566973841029943e-05	
2.804804804804805	0.0	0.0	0.0	0.0	0.0	0.0	0.0	0.0	0.0	3.403823165018397e-05	
2.8078078078078077	0.0	0.0	0.0	0.0	0.0	0.0	0.0	0.0	0.0	2.40672489007325e-06	
2.810810810810811	0.0	0.0	0.0	0.0	0.0	0.0	0.0	0.0	0.0	0.0	
2.813813813813814	0.0	0.0	0.0	0.0	0.0	0.0	0.0	0.0	0.0	0.0	
2.8168168168168166	0.0	0.0	0.0	0.0	0.0	0.0	0.0	0.0	0.0	0.0	
2.81981981981982	0.0	0.0	0.0	0.0	0.0	0.0	0.0	0.0	0.0	0.0	
2.8228228228228227	0.0	0.0	0.0	0.0	0.0	0.0	0.0	0.0	0.0	0.0	
2.825825825825826	0.0	0.0	0.0	0.0	0.0	0.0	0.0	0.0	0.0	0.0	
2.828828828828829	0.0	0.0	0.0	0.0	0.0	0.0	0.0	0.0	0.0	0.0	
2.8318318318318316	0.0	0.0	0.0	0.0	0.0	0.0	0.0	0.0	0.0	0.0	
2.834834834834835	0.0	0.0	0.0	0.0	0.0	0.0	0.0	0.0	0.0	0.0	
2.8378378378378377	0.0	0.0	0.0	0.0	0.0	0.0	0.0	0.0	0.0	4.336473396640651e-06	
2.840840840840841	0.0	0.0	0.0	0.0	0.0	0.0	0.0	0.0	0.0	1.0662774748663636e-05	
2.843843843843844	0.0	0.0	0.0	0.0	0.0	0.0	0.0	0.0	0.0	1.6989076100685686e-05	
2.8468468468468466	0.0	0.0	0.0	0.0	0.0	0.0	0.0	0.0	0.0	2.3315377452707734e-05	
2.84984984984985	0.0	0.0	0.0	0.0	0.0	0.0	0.0	0.0	0.0	2.964167880473072e-05	
2.8528528528528527	0.0	0.0	0.0	0.0	0.0	0.0	0.0	0.0	0.0	3.596798015675277e-05	
2.855855855855856	0.0	0.0	0.0	0.0	0.0	0.0	0.0	0.0	0.0	4.2294281508775755e-05	
2.858858858858859	0.0	0.0	0.0	0.0	0.0	0.0	0.0	0.0	0.0	4.8620582860797806e-05	
2.8618618618618616	0.0	0.0	0.0	0.0	0.0	0.0	0.0	0.0	0.0	5.494688421281985e-05	
2.864864864864865	0.0	0.0	0.0	0.0	0.0	0.0	0.0	0.0	0.0	5.0599478164132226e-05	
2.8678678678678677	0.0	0.0	0.0	0.0	0.0	0.0	0.0	0.0	0.0	3.3048368510809175e-05	
2.870870870870871	0.0	0.0	0.0	0.0	0.0	0.0	0.0	0.0	0.0	1.549725885748352e-05	
2.873873873873874	0.0	0.0	0.0	0.0	0.0	0.0	0.0	0.0	0.0	0.0	
2.8768768768768767	0.0	0.0	0.0	0.0	0.0	0.0	0.0	0.0	0.0	0.0	
2.87987987987988	0.0	0.0	0.0	0.0	0.0	0.0	0.0	0.0	0.0	0.0	
2.8828828828828827	0.0	0.0	0.0	0.0	0.0	0.0	0.0	0.0	0.0	0.0	
2.885885885885886	0.0	0.0	0.0	0.0	0.0	0.0	0.0	0.0	0.0	0.0	
2.888888888888889	0.0	0.0	0.0	0.0	0.0	0.0	0.0	0.0	0.0	0.0	
2.8918918918918917	0.0	0.0	0.0	0.0	0.0	0.0	0.0	0.0	0.0	0.0	
2.894894894894895	0.0	0.0	0.0	0.0	0.0	0.0	0.0	0.0	0.0	0.0	
2.8978978978978978	0.0	0.0	0.0	0.0	0.0	0.0	0.0	0.0	0.0	0.0	
2.900900900900901	0.0	0.0	0.0	0.0	0.0	0.0	0.0	0.0	0.0	0.0	
2.903903903903904	0.0	0.0	0.0	0.0	0.0	0.0	0.0	0.0	0.0	0.0	
2.9069069069069067	0.0	0.0	0.0	0.0	0.0	0.0	0.0	0.0	0.0	0.0	
2.90990990990991	0.0	0.0	0.0	0.0	0.0	0.0	0.0	0.0	0.0	0.0	
2.9129129129129128	0.0	0.0	0.0	0.0	0.0	0.0	0.0	0.0	0.0	0.0	
2.915915915915916	0.0	0.0	0.0	0.0	0.0	0.0	0.0	0.0	0.0	0.0	
2.918918918918919	0.0	0.0	0.0	0.0	0.0	0.0	0.0	0.0	0.0	0.0	
2.9219219219219217	0.0	0.0	0.0	0.0	0.0	0.0	0.0	0.0	0.0	0.0	
2.924924924924925	0.0	0.0	0.0	0.0	0.0	0.0	0.0	0.0	0.0	0.0	
2.9279279279279278	0.0	0.0	0.0	0.0	0.0	0.0	0.0	0.0	0.0	0.0	
2.930930930930931	0.0	0.0	0.0	0.0	0.0	0.0	0.0	0.0	0.0	0.0	
2.933933933933934	0.0	0.0	0.0	0.0	0.0	0.0	0.0	0.0	0.0	0.0	
2.9369369369369367	0.0	0.0	0.0	0.0	0.0	0.0	0.0	0.0	0.0	0.0	
2.93993993993994	0.0	0.0	0.0	0.0	0.0	0.0	0.0	0.0	0.0	0.0	
2.942942942942943	0.0	0.0	0.0	0.0	0.0	0.0	0.0	0.0	0.0	0.0	
2.945945945945946	0.0	0.0	0.0	0.0	0.0	0.0	0.0	0.0	0.0	0.0	
2.948948948948949	0.0	0.0	0.0	0.0	0.0	0.0	0.0	0.0	0.0	0.0	
2.951951951951952	0.0	0.0	0.0	0.0	0.0	0.0	0.0	0.0	0.0	0.0	
2.954954954954955	0.0	0.0	0.0	0.0	0.0	0.0	0.0	0.0	0.0	0.0	
2.957957957957958	0.0	0.0	0.0	0.0	0.0	0.0	0.0	0.0	0.0	0.0	
2.960960960960961	0.0	0.0	0.0	0.0	0.0	0.0	0.0	0.0	0.0	0.0	
2.963963963963964	0.0	0.0	0.0	0.0	0.0	0.0	0.0	0.0	0.0	0.0	
2.966966966966967	0.0	0.0	0.0	0.0	0.0	0.0	0.0	0.0	0.0	0.0	
2.96996996996997	0.0	0.0	0.0	0.0	0.0	0.0	0.0	0.0	0.0	0.0	
2.972972972972973	0.0	0.0	0.0	0.0	0.0	0.0	0.0	0.0	0.0	0.0	
2.975975975975976	0.0	0.0	0.0	0.0	0.0	0.0	0.0	0.0	0.0	0.0	
2.978978978978979	0.0	0.0	0.0	0.0	0.0	0.0	0.0	0.0	0.0	0.0	
2.981981981981982	0.0	0.0	0.0	0.0	0.0	0.0	0.0	0.0	0.0	0.0	
2.984984984984985	0.0	0.0	0.0	0.0	0.0	0.0	0.0	0.0	0.0	0.0	
2.987987987987988	0.0	0.0	0.0	0.0	0.0	0.0	0.0	0.0	0.0	0.0	
2.990990990990991	0.0	0.0	0.0	0.0	0.0	0.0	0.0	0.0	0.0	0.0	
2.993993993993994	0.0	0.0	0.0	0.0	0.0	0.0	0.0	0.0	0.0	0.0	
2.996996996996997	0.0	0.0	0.0	0.0	0.0	0.0	0.0	0.0	0.0	0.0	
3.0	0.0	0.0	0.0	0.0	0.0	0.0	0.0	0.0	0.0	0.0	
