0.0	0.0	0.0	0.0	0.0	0.0	0.0	0.0	
0.003003003003003003	0.0	0.0	0.0	0.0	0.0	0.0	0.0	
0.006006006006006006	0.0	0.0	0.0	0.0	0.0	0.0	0.0	
0.009009009009009009	0.0	0.0	0.0	0.0	0.0	0.0	0.0	
0.012012012012012012	0.0	0.0	0.0	0.0	0.0	0.0	0.0	
0.015015015015015015	0.0	0.0	0.0	0.0	0.0	0.0	0.0	
0.018018018018018018	0.0	0.0	0.0	0.0	0.0	0.0	0.0	
0.02102102102102102	4.325518522767763e-05	0.0	0.0	0.0	0.0	0.0	0.0	
0.024024024024024024	0.00016247733142457914	0.0	0.0	0.0	0.0	0.0	0.0	
0.02702702702702703	0.00028169947762148067	0.0	0.0	0.0	0.0	0.0	0.0	
0.03003003003003003	0.00039943463606720606	0.0	0.0	0.0	0.0	0.0	0.0	
0.03303303303303303	0.00047333790545696147	0.0	0.0	0.0	0.0	0.0	0.0	
0.036036036036036036	0.0005472411748467169	0.0	0.0	0.0	0.0	0.0	0.0	
0.03903903903903904	0.0009630663101732017	0.0	0.0	0.0	0.0	0.0	0.0	
0.04204204204204204	0.0015050236190314076	0.0	0.0	0.0	0.0	0.0	0.0	
0.04504504504504504	0.002268511100137637	0.0	0.0	0.0	0.0	0.0	0.0	
0.04804804804804805	0.003327791294724133	0.0	0.0	0.0	0.0	0.0	0.0	
0.05105105105105105	0.004362253697616323	0.0	0.0	0.0	0.0	0.0	0.0	
0.05405405405405406	0.005224458507163474	0.0	0.0	0.0	0.0	0.0	0.0	
0.057057057057057055	0.006086663316710623	0.0	0.0	0.0	0.0	0.0	0.0	
0.06006006006006006	0.005366262538149234	0.0	0.0	0.0	0.0	0.0	0.0	
0.06306306306306306	0.0043069823435627356	0.0	0.0	0.0	0.0	0.0	0.0	
0.06606606606606606	0.003632991650154677	0.0	0.0	0.0	0.0	0.0	0.0	
0.06906906906906907	0.003312744149465736	0.0	0.0	0.0	0.0	0.0	0.0	
0.07207207207207207	0.003154381194168853	0.0	0.0	0.0	0.0	0.0	0.0	
0.07507507507507508	0.003573166387377468	0.0	0.0	0.0	0.0	0.0	0.0	
0.07807807807807808	0.003991951580586082	0.0	0.0	0.0	0.0	0.0	0.0	
0.08108108108108109	0.00447848800214502	0.0	0.0	0.0	0.0	0.0	0.0	
0.08408408408408408	0.004971176464743389	0.0	0.0	0.0	0.0	0.0	0.0	
0.08708708708708708	0.006054204453373658	0.0	0.0	0.0	0.0	0.0	0.0	
0.09009009009009009	0.00750763541803885	0.0	0.0	0.0	0.0	0.0	0.0	
0.09309309309309309	0.009560892549723247	0.0	0.0	0.0	0.0	0.0	0.0	
0.0960960960960961	0.012935808518522085	0.0	0.0	0.0	0.0	0.0	0.0	
0.0990990990990991	0.01633018426370514	0.0	0.0	0.0	0.0	0.0	0.0	
0.1021021021021021	0.021675854082897454	0.0	0.0	0.0	0.0	0.0	0.0	
0.10510510510510511	0.02702152390208977	0.0	0.0	0.0	0.0	0.0	0.0	
0.10810810810810811	0.02705078798635366	0.0	0.0	0.0	0.0	0.0	0.0007054263127062698	
0.1111111111111111	0.024882958750920843	0.0	0.0	0.0	0.0	0.0	0.002546298924732407	
0.11411411411411411	0.024082938421829184	0.0	0.0	0.0	0.0	0.0	0.004387171536758553	
0.11711711711711711	0.025290025155195194	2.189573980014722e-05	0.0	0.0	0.0	0.0	0.00609480389788663	
0.12012012012012012	0.027210057995020503	4.6563869299147566e-05	0.0	0.0	0.0	0.0	0.005431260958186717	
0.12312312312312312	0.03533941762789361	7.123199879814792e-05	0.0	0.0	0.0	0.0	0.004767718018486804	
0.12612612612612611	0.043468777260766686	6.824068405361808e-05	0.0	0.0	0.0	0.0	0.004104175078786894	
0.12912912912912913	0.061026575054285506	4.330546922965164e-05	0.0	0.0	0.0	0.0	0.0034406321390869784	
0.13213213213213212	0.08093118894325957	1.837025440568543e-05	0.0	0.0	0.0	0.0	0.002777089199387069	
0.13513513513513514	0.0844693165877437	3.282480209140528e-06	0.0	0.0	0.0	0.0	0.002113546259687153	
0.13813813813813813	0.07153624444453656	1.5750087621123705e-05	0.0	0.0	0.0	0.0	0.0014500033199872434	
0.14114114114114115	0.06187865966572156	2.8217695033106996e-05	0.0	0.0	0.0	0.0	0.0007864603802873269	
0.14414414414414414	0.06564772640459907	4.068530244509017e-05	0.0	0.0	0.0	0.0	0.0001229174405874174	
0.14714714714714713	0.06941679314347658	5.315290985707328e-05	0.0	0.0	0.0	0.0	0.0	
0.15015015015015015	0.07825015940523346	6.562051726905651e-05	0.0	0.0	0.0	0.0	0.0	
0.15315315315315314	0.08768514346399237	7.808812468103961e-05	0.0	0.0	0.0	0.0	0.0	
0.15615615615615616	0.11220200440107739	7.373401037031933e-05	1.3117377910062927e-05	0.0	0.0	0.0	0.0	
0.15915915915915915	0.14713361639930167	6.126640295833622e-05	7.146796574278128e-05	7.300467611629255e-06	0.0	0.0	0.0	
0.16216216216216217	0.1755600761365846	4.8798795546353e-05	0.00012981855357550016	7.078521868268818e-05	0.0	0.0	0.0	
0.16516516516516516	0.18800045981719338	3.6331188134369894e-05	0.00018816914140821852	0.0001342699697537465	0.0	0.0	0.0	
0.16816816816816815	0.2004408434978022	2.3863580722386786e-05	0.00015216532308472155	0.00019775472082480484	0.0	0.0	0.0	
0.17117117117117117	0.22805230276291708	1.1395973310403565e-05	0.0001050687645197087	0.00018658865463208135	0.0	0.0	0.0	
0.17417417417417416	0.25586456647659495	0.0	5.797220595469627e-05	0.00015497629126337857	0.0	0.0	0.0	
0.17717717717717718	0.30467473783076315	0.0	1.08756473896834e-05	0.00012336392789467552	0.0	0.0	0.0	
0.18018018018018017	0.36315685834118944	0.0	0.0	9.17515645259727e-05	0.0	0.0	0.0	
0.1831831831831832	0.4302573248816966	0.0	0.0	6.013920115726962e-05	0.0	0.0	0.0	
0.18618618618618618	0.5112799425559982	0.0	0.0	2.8526837788566837e-05	0.0	0.0	0.0	
0.1891891891891892	0.5907623301754555	0.0	0.0	0.0	0.0	0.0	0.0	
0.1921921921921922	0.6525454633852908	0.0	0.0	0.0	0.0	0.0	0.0	
0.19519519519519518	0.7143285965951263	6.200014753790784e-06	0.0	0.0	0.0	0.0	0.0	
0.1981981981981982	0.8306786033104586	1.8667622165774005e-05	0.0	0.0	0.0	0.0	0.0	
0.2012012012012012	0.9626205735943016	3.113522957775711e-05	0.0	0.0	0.0	0.0	0.0	
0.2042042042042042	1.0705511297076775	4.360283698974035e-05	0.0	0.0	0.0	0.0	0.0	
0.2072072072072072	1.1519925325751876	5.607044440172353e-05	0.0	0.0	0.0	0.0	0.0	
0.21021021021021022	1.244491545082196	6.853805181370682e-05	0.0	0.0	0.0	0.0	0.0	
0.2132132132132132	1.3897853727024547	8.100565922569e-05	0.0	0.0	0.0	0.0	0.0	
0.21621621621621623	1.535079200322715	7.081647582566933e-05	0.0	0.0	0.0	0.0	0.0	
0.21921921921921922	1.7394778181879174	5.834886841368616e-05	0.0	0.0	0.0	0.0	0.0	
0.2222222222222222	1.9526394815311015	4.588126100170298e-05	0.0	0.0	0.0	0.0	0.0	
0.22522522522522523	2.0201022811194256	4.873121764195158e-05	0.0	0.0	0.0	0.0	0.0	
0.22822822822822822	1.9770166750651983	6.119882505393468e-05	0.0	0.0	0.0	0.0	0.0	
0.23123123123123124	1.9558348444111313	7.36664324659179e-05	0.0	0.0	0.0	0.0	0.0	
0.23423423423423423	1.9950035771877015	8.214487123167108e-05	0.0	0.0	0.0	0.0	0.0	
0.23723723723723725	2.034172309964272	8.214487123167108e-05	0.0	0.0	0.0	0.0	0.0	
0.24024024024024024	1.9824115898464862	8.214487123167108e-05	0.0	0.0	0.0	0.0	0.0	
0.24324324324324323	1.927255116458599	8.182531596532725e-05	0.0	0.0	0.0	0.0	0.0	
0.24624624624624625	2.0357091710907134	6.935770855334403e-05	0.0	0.0	0.0	0.0	0.0	
0.24924924924924924	2.2278084026578133	5.689010114136093e-05	0.0	0.0	0.0	0.0	0.0	
0.25225225225225223	2.375912564358155	4.442249372937782e-05	0.0	0.0	0.0	0.0	0.0	
0.2552552552552553	2.445603347392699	4.1072435615835595e-05	0.0	0.0	0.0	0.0	0.0	
0.25825825825825827	2.5159104298662083	4.107243561583566e-05	0.0	0.0	0.0	0.0	0.0	
0.26126126126126126	2.596391090231651	4.107243561583573e-05	0.0	0.0	0.0	0.0	0.0	
0.26426426426426425	2.6768717505970945	4.652037153439061e-05	0.0	0.0	0.0	0.0	0.0	
0.26726726726726724	2.9318819611973432	5.8987978946373715e-05	0.0	0.0	0.0	0.0	0.0	
0.2702702702702703	3.243581317060207	7.145558635835705e-05	0.0	0.0	0.0	0.0	0.0	
0.2732732732732733	3.484001411102413	8.570151630900923e-05	0.0	0.0	0.0	0.0	0.0	
0.27627627627627627	3.6381882654725857	0.00011063673113297545	0.0	0.0	0.0	0.0	0.0	
0.27927927927927926	3.7452724432589712	0.00013557194595694165	0.0	0.0	0.0	0.0	0.0	
0.2822822822822823	3.5859369944546415	0.00016050716078090834	0.0	0.0	0.0	0.0	0.0	
0.2852852852852853	3.426601545650315	0.0001431371093218099	0.0	0.0	0.0	0.0	0.0	
0.2882882882882883	3.220788972600927	0.00011820189449784381	0.0	0.0	0.0	0.0	0.0	
0.2912912912912913	3.006641932332547	9.326667967387775e-05	0.0	0.0	0.0	0.0	0.0	
0.29429429429429427	2.8176309894478426	7.523816804079145e-05	0.0	0.0	0.0	0.0	0.0	
0.2972972972972973	2.649550320432406	6.27705606288079e-05	0.0	0.0	0.0	0.0	0.0	
0.3003003003003003	2.497380199477929	5.0302953216824586e-05	0.0	0.0	0.0	0.0	0.0	
0.3033033033033033	2.394679289449299	5.40207948598124e-05	0.0	0.0	0.0	0.0	0.0	
0.3063063063063063	2.2919783794206694	0.00010389122450774483	0.0	0.0	0.0	0.0	0.0	
0.30930930930930933	2.2451937141869025	0.00015376165415567817	0.0	0.0	0.0	0.0	0.0	
0.3123123123123123	2.201911032747636	0.00020363208380361062	0.0	0.0	0.0	0.0	0.0	
0.3153153153153153	2.2642148369659476	0.0001692569265499037	0.0	0.0	0.0	0.0	0.0	
0.3183183183183183	2.386229134728433	0.00013185410431395438	0.0	0.0	0.0	0.0	0.0	
0.3213213213213213	2.5541720002016794	9.445128207800507e-05	0.0	0.0	0.0	0.0	0.0	
0.32432432432432434	2.8126856365270476	8.214487123167108e-05	0.0	0.0	0.0	0.0	0.0	
0.32732732732732733	3.068647088594202	8.214487123167108e-05	0.0	0.0	0.0	0.0	0.0	
0.3303303303303303	3.2524937884127834	8.214487123167108e-05	0.0	0.0	0.0	0.0	0.0	
0.3333333333333333	3.4363404882313646	8.214487123167114e-05	0.0	0.0	0.0	0.0	0.0	
0.3363363363363363	3.385080963992161	8.214487123167127e-05	0.0	0.0	0.0	0.0	0.0	
0.33933933933933935	3.2476947861966035	8.214487123167142e-05	0.0	0.0	0.0	0.0	0.0	
0.34234234234234234	3.146237168737597	8.111862752823839e-05	0.0	0.0	0.0	0.0	0.0	
0.34534534534534533	3.092484857468115	6.865102011625507e-05	0.0	0.0	0.0	0.0	0.0	
0.3483483483483483	3.0548858488080963	5.618341270427176e-05	0.0	0.0	0.0	0.0	0.0	
0.35135135135135137	3.128025451080825	4.3715805292288206e-05	0.0	0.0	0.0	0.0	0.0	
0.35435435435435436	3.201165053353553	3.124819788030506e-05	0.0	0.0	0.0	0.0	0.0	
0.35735735735735735	3.183885199647484	1.8780590468321955e-05	0.0	0.0	0.0	0.0	0.0	
0.36036036036036034	3.1474262534152047	6.31298305633885e-06	0.0	0.0	0.0	0.0	0.0	
0.36336336336336333	3.139656626200117	1.2309248711288518e-05	0.0	0.0	0.0	0.0	0.0	
0.3663663663663664	3.1580831747012965	3.7244463535255194e-05	0.0	0.0	0.0	0.0	0.0	
0.36936936936936937	3.220790412882133	6.21796783592214e-05	0.0	0.0	0.0	0.0	0.0	
0.37237237237237236	3.4401106820077962	7.965986025591283e-05	0.0	0.0	0.0	0.0	0.0	
0.37537537537537535	3.6594309511334595	6.719225284392978e-05	0.0	0.0	0.0	0.0	0.0	
0.3783783783783784	3.6356133800062005	5.472464543194652e-05	0.0	0.0	0.0	0.0	0.0	
0.3813813813813814	3.5901136004852416	4.2257038019963485e-05	0.0	0.0	0.0	0.0	0.0	
0.3843843843843844	3.5108743139294476	0.00019903450572581198	0.0	0.0	0.0	0.0	0.0	
0.38738738738738737	3.41058757736755	0.0003735810094935764	0.0	0.0	0.0	0.0	0.0	
0.39039039039039036	3.335310536914763	0.0005481275132613408	0.0	0.0	0.0	0.0	0.0	
0.3933933933933934	3.31479006244754	0.0008292614998206826	0.0	0.0	0.0	0.0	0.0	
0.3963963963963964	3.2942465988118568	0.0011783545073562095	0.0	0.0	0.0	0.0	0.0	
0.3993993993993994	3.2716814672248518	0.0015274475148917368	0.0	0.0	0.0	0.0	0.0	
0.4024024024024024	3.2491163356378467	0.0019238658614042664	0.0	0.0	0.0	0.0	0.0	
0.40540540540540543	3.2038123349477092	0.0024225701578836057	0.0	0.0	0.0	0.0	0.0	
0.4084084084084084	3.14917318444555	0.002921274454362936	0.0	0.0	0.0	0.0	0.0	
0.4114114114114114	3.203426838873628	0.003429574521229175	0.0	0.0	0.0	0.0	0.0	
0.4144144144144144	3.416563867793682	0.004364645077127908	0.0	0.0	0.0	0.0	0.0	
0.4174174174174174	3.620304237167736	0.00529971563302664	0.0	0.0	0.0	0.0	0.0	
0.42042042042042044	3.7434024495479408	0.00623478618892539	0.0	0.0	0.0	0.0	0.0	
0.42342342342342343	3.8665006619281432	0.007378516399530902	0.0	0.0	0.0	0.0	0.0	
0.4264264264264264	3.798810829642893	0.008600341925905246	0.0	0.0	0.0	0.0	0.0	
0.4294294294294294	3.684039052280603	0.009822167452279592	0.0	0.0	0.0	0.0	0.0	
0.43243243243243246	3.6270705416020657	0.010849501339919243	0.0	0.0	0.0	0.0	0.0	
0.43543543543543545	3.6279573808347423	0.011622492999462195	0.0	0.0	0.0	0.0	0.0	
0.43843843843843844	3.6335582432791314	0.012395484659005147	0.0	0.0	0.0	0.0	0.0	
0.44144144144144143	3.658315838524699	0.013360831786146103	0.0	0.0	0.0	0.0	0.0	
0.4444444444444444	3.683073433770267	0.015517727868419182	0.0	0.0	0.0	0.0	0.0	
0.44744744744744747	3.6757888564989347	0.0176746239506923	0.0	0.0	0.0	0.0	0.0	
0.45045045045045046	3.6647526349367316	0.019831520032965375	0.0	0.0	0.0	0.0	0.0	
0.45345345345345345	3.5720273348204232	0.022283282048071847	0.0	0.0	0.0	0.0	0.0	
0.45645645645645644	3.4232107846925866	0.0247892711378805	0.0	0.0	0.0	0.0	0.0	
0.45945945945945943	3.2728479422779353	0.027295260227689154	0.0	0.0	0.0	0.0	0.0	
0.4624624624624625	3.118710356754033	0.03129701550631376	0.0	0.0	0.0	0.0	0.0	
0.46546546546546547	2.964572771230134	0.03652094301193466	0.0	0.0	0.0	0.0	0.0	
0.46846846846846846	2.991060770136839	0.04174487051755556	0.0	0.0	0.0	0.0	0.0	
0.47147147147147145	3.019685969813804	0.04983813579532654	0.0	0.0	0.0	0.0	0.0	
0.4744744744744745	3.122635258441661	0.06627044236432059	0.0	0.0	0.0	0.0	0.0	
0.4774774774774775	3.2596026510440073	0.08270274893331432	0.0	0.0	0.0	0.0	0.0	
0.4804804804804805	3.3727587222257682	0.09913505550230806	0.0	0.0	0.0	0.0	0.0	
0.48348348348348347	3.44767200296385	0.12286908537927346	0.0	0.0	0.0	0.0	0.0	
0.48648648648648646	3.4979012163345726	0.14689416486216522	0.0	0.0	0.0	0.0	0.0	
0.4894894894894895	3.2696632860358745	0.17091924434505743	0.0	0.0	0.0	0.0	0.0	
0.4924924924924925	3.0414253557371804	0.20393833037827797	0.0	0.0	0.0	0.0	0.0	
0.4954954954954955	2.909749660058556	0.2414408934735238	0.0	0.0	0.0	0.0	0.0	
0.4984984984984985	2.8054475125264817	0.2789434565687696	0.0	0.0	0.0	0.0	0.0	
0.5015015015015015	2.703095303198889	0.33454563600271015	0.0	0.0	0.0	0.0	0.0	
0.5045045045045045	2.602882469906383	0.4205721271453915	0.0	0.0	0.0	0.0	0.0	
0.5075075075075075	2.5173147003392504	0.506598618288076	0.0	0.0	0.0	0.0	0.0	
0.5105105105105106	2.501006712227244	0.5956628121172354	0.0	0.0	0.0	0.0	0.0	
0.5135135135135135	2.4846987241152383	0.7203014834148281	0.0	0.0	0.0	0.0	0.0	
0.5165165165165165	2.394044418155539	0.8449401547124256	0.0	0.0	0.0	0.0	0.0	
0.5195195195195195	2.2925013260140177	0.9695788260100183	0.0	0.0	0.0	0.0	0.0	
0.5225225225225225	2.0860472947761663	1.0987842190141741	0.0	0.0	0.0	0.0	0.0	
0.5255255255255256	1.8004357930078871	1.2292452629731678	0.0	0.0	0.0	0.0	0.0	
0.5285285285285285	1.5521381039469422	1.3597063069321567	0.0	0.0	0.0	0.0	0.0	
0.5315315315315315	1.4059328026708737	1.5246051027095677	0.0	0.0	0.0	0.0	0.0	
0.5345345345345345	1.2597275013948108	1.725346049649904	0.0	0.0	0.0	0.0	0.0	
0.5375375375375375	1.1201334022559342	1.9260869965902478	0.0	0.0	0.0	0.0	0.0	
0.5405405405405406	0.9807764706099833	2.1128025648298987	0.0	0.0	0.0	0.0	0.0	
0.5435435435435435	0.8457318392531843	2.2418672367587456	0.0	0.0	0.0	0.0	0.0	
0.5465465465465466	0.7128783953135319	2.370931908687597	0.0	0.0	0.0	0.0	0.0	
0.5495495495495496	0.5919432751826001	2.4999965806164486	0.0	0.0	0.0	0.0	0.0	
0.5525525525525525	0.4921245926601726	2.6254989287140176	0.0	0.0	0.0	0.0	0.0	
0.5555555555555556	0.39572350451520877	2.7506113690932703	0.0	0.0	0.0	0.0	0.0	
0.5585585585585585	0.35433767365694663	2.8757238094725186	0.0	0.0	0.0	0.0	0.0	
0.5615615615615616	0.31295184279868293	2.947201825136015	0.0	0.0	0.0	0.0	0.0	
0.5645645645645646	0.26778444707668797	2.983956331786542	0.0	0.0	0.0	0.0	0.0	
0.5675675675675675	0.2213978283230525	3.0207108384370676	0.0	0.0	0.0	0.0	0.0	
0.5705705705705706	0.18377755769283802	3.0683613391281686	0.0	0.0	0.0	0.0	0.0	
0.5735735735735735	0.1567043266730582	3.139962808495186	0.0	0.0	0.0	0.0	0.0	
0.5765765765765766	0.13117727578778363	3.211564277862206	0.0	0.0	0.0	0.0	0.0	
0.5795795795795796	0.11430269594378921	3.2842256593489734	0.0	0.0	0.0	0.0	0.0	
0.5825825825825826	0.0974281160997954	3.413589553855708	0.0	0.0	0.0	0.0	0.0	
0.5855855855855856	0.0848216907383369	3.542953448362447	0.0	0.0	0.0	0.0	0.0	
0.5885885885885885	0.07297253321284636	3.672317342869181	0.0	0.0	0.0	0.0	0.0	
0.5915915915915916	0.06322555275685245	3.7616745993744005	0.0	0.0	0.0	0.0	0.0	
0.5945945945945946	0.05521936523962882	3.835782057831229	0.0	0.0	0.0	0.0	0.0	
0.5975975975975976	0.04707451849236459	3.909889516288055	0.0	0.0	0.0	0.0	0.0	
0.6006006006006006	0.03850173924315283	3.907116441585302	0.0	0.0	0.0	0.0	0.0	
0.6036036036036035	0.02992895999394139	3.802301266072762	0.0	0.0	0.0	0.0	0.0	
0.6066066066066066	0.024768970001301002	3.6974860905602185	0.0	0.0	0.0	0.0	0.0	
0.6096096096096096	0.019817450952187312	3.60426601435954	0.0	0.0	0.0	0.0	0.0	
0.6126126126126126	0.01705788150359974	3.5851157693747346	0.0	0.0	0.0	0.0	0.0	
0.6156156156156156	0.015530547269544769	3.565965524389928	0.0	0.0	0.0	0.0	0.0	
0.6186186186186187	0.013903341958766134	3.5468152794051218	0.0	0.0	0.0	0.0	0.0	
0.6216216216216216	0.012080394647152208	3.5032127649942453	0.0	0.0	0.0	0.0	0.0	
0.6246246246246246	0.010289850376632968	3.454988059524694	1.716466411633235e-05	0.0	0.0	0.0	0.0	
0.6276276276276276	0.009378376720826004	3.406763354055144	8.780950196384969e-05	0.0	0.0	0.0	0.0	
0.6306306306306306	0.008466903065019005	3.4050913985406344	0.00015845433981136962	0.0	0.0	0.0	0.0	
0.6336336336336337	0.007754126249727791	3.442020451694953	0.00022909917765888958	0.0	0.0	0.0	0.0	
0.6366366366366366	0.0071136312483499236	3.47894950484927	0.0002942221293184236	0.0	0.0	0.0	0.0	
0.6396396396396397	0.006473136246972033	3.477707537037224	0.000317770408600929	0.0	0.0	0.0	0.0	
0.6426426426426426	0.005832641245594167	3.3633795770693147	0.0003413186878834335	0.0	0.0	0.0	0.0	
0.6456456456456456	0.005176297817122748	3.249051617101401	0.0003648669671659389	0.0	0.0	0.0	0.0	
0.6486486486486487	0.004412630700095263	3.134723657133487	0.00038841524644844425	0.0	0.0	0.0	0.0	
0.6516516516516516	0.0036489635830678066	3.1748355355607107	0.0005287065795561887	0.0	0.0	0.0	0.0	
0.6546546546546547	0.0034960147667126734	3.221713739429768	0.0006699962552512304	0.0	0.0	0.0	0.0	
0.6576576576576576	0.003471380343582755	3.2685919432988233	0.0008112859309462668	0.0	0.0	0.0	0.0	
0.6606606606606606	0.0029690594617601492	3.2590698623982037	0.0009525756066413084	0.0	0.0	0.0	0.0	
0.6636636636636637	0.002032951382823233	3.2209688541471824	0.0009919252865683663	0.0	0.0	0.0	0.0	
0.6666666666666666	0.0012989969837758253	3.182867845896163	0.0010154735658508677	0.0	0.0	0.0	0.0	
0.6696696696696697	0.0012743625606459065	3.159958984316043	0.0010390218451333702	0.0	0.0	0.0	0.0	
0.6726726726726726	0.0012497281375159885	3.1629886129171547	0.0010625701244158718	0.0	0.0	0.0	0.0	
0.6756756756756757	0.0011571401016649946	3.166018241518267	0.0012081101164933953	0.0	0.0	0.0	0.0	
0.6786786786786787	0.001058602409145319	3.1641254643020043	0.001396496350753453	0.0	0.0	0.0	0.0	
0.6816816816816816	0.000868838482340775	3.101550542701262	0.001584882585013504	0.0	0.0	0.0	0.0	
0.6846846846846847	0.0006224942510415865	3.038975621100518	0.001773268819273562	0.0	0.0	0.0	0.0	
0.6876876876876877	0.000422695262869998	2.9764006994997736	0.001788053742365293	0.0	0.0	0.0	0.0	
0.6906906906906907	0.00032415757035032626	2.9684986055267295	0.001693860625235262	0.0	0.0	0.0	0.0	
0.6936936936936937	0.00022686271247753236	2.9759542347590955	0.0015996675081052273	0.0	0.0	0.0	0.0	
0.6966966966966966	0.00022686271247753236	2.983409863991461	0.0015054743909751964	0.0	0.0	0.0	0.0	
0.6996996996996997	0.00022686271247753236	3.0095603229173085	0.0016068860672722898	0.0	0.0	0.0	0.0	
0.7027027027027027	0.00020936441254543943	3.055453585800819	0.0019130136979448825	0.0	0.0	0.0	0.0	
0.7057057057057057	0.00018472998941552148	3.101346848684328	0.002219141328617464	0.0	0.0	0.0	0.0	
0.7087087087087087	0.00015004409821305596	3.1504268319367075	0.002525268959290057	0.0	0.0	0.0	0.0	
0.7117117117117117	0.00010077525195322007	3.2129144802855656	0.002805759931839262	0.0	0.0	0.0	0.0	
0.7147147147147147	5.491488603415237e-05	3.275402128634426	0.003041242724664317	0.0	0.0	0.0	0.0	
0.7177177177177178	3.788315086316623e-05	3.3378897769832863	0.0032767255174893715	0.0	0.0	0.0	0.0	
0.7207207207207207	2.085141569218071e-05	3.302378310135703	0.0035122083103144176	0.0	0.0	0.0	0.0	
0.7237237237237237	3.81968052119457e-06	3.2556995879852373	0.0037421061620431387	0.0	0.0	0.0	0.0	
0.7267267267267267	0.0	3.2090208658347734	0.003954040675585707	0.0	0.0	0.0	0.0	
0.7297297297297297	0.0	3.1725428039720613	0.004165975189128283	0.0	0.0	0.0	0.0	
0.7327327327327328	0.0	3.142770157472245	0.004377909702670858	0.0	0.0	0.0	0.0	
0.7357357357357357	0.0	3.11299751097243	0.00477354728015554	0.0	0.0	0.0	0.0	
0.7387387387387387	0.0	3.084689003504294	0.006633861343473545	0.0	0.0	0.0	0.0	
0.7417417417417418	0.0	3.0596540478210317	0.008494175406791551	0.0	0.0	0.0	0.0	
0.7447447447447447	0.0	3.03461909213777	0.010354489470109488	0.0	0.0	0.0	0.0	
0.7477477477477478	0.0	3.0087176467147585	0.012214803533427493	0.0	0.0	0.0	0.0	
0.7507507507507507	0.0	2.9247732460098774	0.014446509551240595	0.0	0.0	0.0	0.0	
0.7537537537537538	0.0	2.8408288453049937	0.016683596083078782	0.0	0.0	0.0	0.0	
0.7567567567567568	0.0	2.75688444460011	0.018920682614916966	0.0	0.0	0.0	0.0	
0.7597597597597597	0.0	2.7528473648865304	0.021157769146755066	0.0	0.0	0.0	0.0	
0.7627627627627628	0.0	2.7798272673260622	0.026533820437989318	0.0	0.0	0.0	0.0	
0.7657657657657657	0.0	2.806807169765593	0.032420890258615664	0.0	0.0	0.0	0.0	
0.7687687687687688	0.0	2.788530836755661	0.03830796007924224	0.0	0.0	0.0	0.0	
0.7717717717717718	0.0	2.709286724045095	0.0441950298998688	0.0	0.0	0.0	0.0	
0.7747747747747747	0.0	2.630042611334532	0.05615116137099267	0.0	0.0	0.0	0.0	
0.7777777777777778	0.0	2.5534144457153234	0.07030367721977937	0.0	0.0	0.0	0.0	
0.7807807807807807	0.0	2.494031231612049	0.08445619306856554	0.0	0.0	0.0	0.0	
0.7837837837837838	0.0	2.4346480175087724	0.09860870891735224	0.0	0.0	0.0	0.0	
0.7867867867867868	0.0	2.375264803405496	0.12644652978325607	0.0	0.0	0.0	0.0	
0.7897897897897898	0.0	2.3435479745494994	0.16308765234683462	0.0	0.0	0.0	0.0	
0.7927927927927928	0.0	2.317203920087994	0.19972877491041452	0.0	0.0	0.0	0.0	
0.7957957957957957	0.0	2.2908598656264894	0.23636989747399306	0.0	0.0	0.0	0.0	
0.7987987987987988	0.0	2.2613133495306506	0.2831640288217272	0.0	0.0	0.0	0.0	
0.8018018018018018	0.0	2.2290721167632457	0.34083376478458705	0.0	0.0	0.0	0.0	
0.8048048048048048	0.0	2.1968308839958413	0.39850350074744484	0.0	0.0	0.0	0.0	
0.8078078078078078	0.0	2.1530883440796367	0.45617323671030474	0.0	0.0	0.0	0.0	
0.8108108108108109	0.0	2.0746047554212015	0.5321912777864976	0.0	0.0	0.0	0.0	
0.8138138138138138	0.0	1.9961211667627694	0.6412433591437797	0.0	0.0	0.0	0.0	
0.8168168168168168	0.0	1.9176375781043344	0.7502954405010659	0.0	0.0	0.0	0.0	
0.8198198198198198	0.0	1.9219942193058188	0.859347521858348	0.0	0.0	0.0	0.0	
0.8228228228228228	0.0	1.9303101134496117	0.9806038567870438	0.0	0.0	0.0	0.0	
0.8258258258258259	0.0	1.9386260075934045	1.142404083737151	0.0	0.0	0.0	0.0	
0.8288288288288288	0.0	1.8875757368123176	1.3042043106872523	0.0	0.0	0.0	0.0	
0.8318318318318318	0.0	1.8059503110860629	1.4660045376373594	0.0	0.0	0.0	0.0	
0.8348348348348348	0.0	1.724324885359811	1.6276928173730494	0.0	0.0	0.0	0.0	
0.8378378378378378	0.0	1.6397630219211172	1.7884333717554326	0.0	0.0	0.0	0.0	
0.8408408408408409	0.0	1.550108457021545	1.9491739261378163	0.0	0.0	0.0	0.0	
0.8438438438438438	0.0	1.4604538921219763	2.1099144805201937	0.0	0.0	0.0	0.0	
0.8468468468468469	0.0	1.3723889967234677	2.270655034902577	0.0	0.0	0.0	0.0	
0.8498498498498498	0.0	1.3050015786617002	2.4183349221974604	0.0	0.0	0.0	0.0	
0.8528528528528528	0.0	1.2376141605999302	2.5657471505059615	0.0	0.0	0.0	0.0	
0.8558558558558559	0.0	1.1702267425381603	2.7131593788144635	0.0	0.0	0.0	0.0	
0.8588588588588588	0.0	1.1059879461022475	2.860571607122959	0.0	0.0	0.0	0.0	
0.8618618618618619	0.0	1.042652500449372	2.9431740402556237	0.0	0.0	0.0	0.0	
0.8648648648648649	0.0	0.9793170547964968	3.0147137127158663	0.0	0.0	0.0	0.0	
0.8678678678678678	0.0	0.9234143987977121	3.0862533851761067	0.0	0.0	0.0	0.0	
0.8708708708708709	0.0	0.8754764482986361	3.1577930576363493	0.0	0.0	0.0	0.0	
0.8738738738738738	0.0	0.827538497799562	3.2753230339250825	0.0	0.0	0.0	0.0	
0.8768768768768769	0.0	0.7797955010023356	3.4099956431417517	0.0	0.0	0.0	0.0	
0.8798798798798799	0.0	0.7328923619184543	3.544668252358421	0.0	0.0	0.0	0.0	
0.8828828828828829	0.0	0.6859892228345746	3.6793408615750853	0.0	0.0	0.0	0.0	
0.8858858858858859	0.0	0.6390860837506933	3.773746373094417	0.0	0.0	0.0	0.0	
0.8888888888888888	0.0	0.6037422113313262	3.8416125139865827	0.0	0.0	0.0	0.0	
0.8918918918918919	0.0	0.5697679811336716	3.9094786548787503	0.0	0.0	0.0	0.0	
0.8948948948948949	0.0	0.535793750936017	3.977344795770918	0.0	0.0	0.0	0.0	
0.8978978978978979	0.0	0.505378677664724	4.017398184400939	0.0	0.0	0.0	0.0	
0.9009009009009009	0.0	0.4773390285951735	4.026958785789654	0.0	0.0	0.0	0.0	
0.9039039039039038	0.0	0.44929937952562404	4.0365193871783696	0.0	0.0	0.0	0.0	
0.9069069069069069	0.0	0.4228360797762821	4.046079988567085	0.0	0.0	0.0	0.0	
0.9099099099099099	0.0	0.3999580201752927	4.063242857080714	0.0	0.0	0.0	0.0	
0.9129129129129129	0.0	0.3770799605743041	4.094444327130016	0.0	0.0	0.0	0.0	
0.9159159159159159	0.0	0.3541237965539676	4.1256457971793195	0.0	0.0	0.0	0.0	
0.9189189189189189	0.0	0.3241890711577967	4.156847267228622	0.0	0.0	0.0	0.0	
0.9219219219219219	0.0	0.29425434576162474	4.170366041777633	0.0	0.0	0.0	0.0	
0.924924924924925	0.0	0.26431962036545276	4.123175290095508	0.0	0.0	0.0	0.0	
0.9279279279279279	0.0	0.23845076937544585	4.075984538413385	0.0	0.0	0.0	0.0	
0.9309309309309309	0.0	0.21418880535172627	4.02879378673126	0.0	0.0	0.0	0.0	
0.933933933933934	0.0	0.1899268413280067	3.9834227882035416	0.0	0.0	0.0	0.0	
0.9369369369369369	0.0	0.16793468463878064	3.9544584046860423	0.0	0.0	0.0	0.0	
0.93993993993994	0.0	0.14904625940962588	3.925494021168542	0.0	0.0	0.0	0.0	
0.9429429429429429	0.0	0.13015783418047183	3.8965296376510428	0.0	0.0	0.0	0.0	
0.9459459459459459	0.0	0.11173885666946552	3.867565254133542	0.0	0.0	0.0	0.0	
0.948948948948949	0.0	0.0965159080194343	3.83591703453336	0.0	0.0	0.0	0.0	
0.9519519519519519	0.0	0.08129295936940364	3.804197502339841	0.0	0.0	0.0	0.0	
0.954954954954955	0.0	0.06607001071937241	3.7724779701463214	0.0	0.0	0.0	0.0	
0.9579579579579579	0.0	0.055961281518605355	3.740758437952803	0.0	0.0	0.0	0.0	
0.960960960960961	0.0	0.04687239571526887	3.7420827796309277	0.0	0.0	0.0	0.0	
0.963963963963964	0.0	0.03778350991193237	3.749312101370641	0.0	0.0	0.0	0.0	
0.9669669669669669	0.0	0.030476786632144686	3.7565414231103538	0.0	0.0	0.0	0.0	
0.96996996996997	0.0	0.024691816792984416	3.763770744850067	0.0	0.0	0.0	0.0	
0.9729729729729729	0.0	0.018906846953824365	3.690268824974639	9.147743213196299e-06	0.0	0.0	0.0	
0.975975975975976	0.0	0.013931592092542428	3.585785109798173	4.076010658189936e-05	0.0	0.0	0.0	
0.978978978978979	0.0	0.011450538217557744	3.4813013946217075	7.237246995060243e-05	0.0	0.0	0.0	
0.9819819819819819	0.0	0.008969484342573152	3.376817679445246	0.00010398483331930432	0.0	0.0	0.0	
0.984984984984985	0.0	0.006488430467588468	3.394334104031003	0.0001355971966880074	0.0	0.0	0.0	
0.9879879879879879	0.0	0.005441652784915065	3.494225904747378	0.0001672095600567093	0.0	0.0	0.0	
0.990990990990991	0.0	0.004469179406780365	3.5941177054637565	0.00019882192342541235	0.0	0.0	0.0	
0.993993993993994	0.0	0.003496706028645664	3.694009506180135	0.0003826748126140454	0.0	0.0	0.0	
0.996996996996997	0.0	0.002761566007758971	3.6914267594485524	0.000667186082932366	0.0	0.0	0.0	
1.0	0.0	0.002150653244571788	3.573850200991013	0.000951697353250697	0.0	0.0	0.0	
1.003003003003003	0.0	0.0015397404813846042	3.4562736425334735	0.001236208623569028	0.0	0.0	0.0	
1.006006006006006	0.0	0.0010597422874287117	3.338697084075934	0.0015207198938873593	0.0	0.0	0.0	
1.009009009009009	0.0	0.0008103901391890634	3.254192194412533	0.001805231164205669	0.0	0.0	0.0	
1.012012012012012	0.0	0.0005610379909493967	3.232339391238353	0.0020897424345240005	0.0	0.0	0.0	
1.015015015015015	0.0	0.0003252007564832934	3.2104865880641724	0.003444012069788366	0.0	0.0	0.0	
1.018018018018018	0.0	0.00027533032683536005	3.1886337848899924	0.004898180784748719	0.0	0.0	0.0	
1.021021021021021	0.0	0.00022545989718742674	3.1722096618980284	0.006352349499709073	0.0	0.0	0.0	
1.024024024024024	0.0	0.00017558946753949708	3.1750590036912256	0.00780651821466932	0.0	0.0	0.0	
1.027027027027027	0.0	0.00012571903789156374	3.1779083454844224	0.009260686929629672	0.0	0.0	0.0	
1.03003003003003	0.0	7.584860824363037e-05	3.1807576872776195	0.010714855644590026	0.0	0.0	0.0	
1.033033033033033	0.0	2.597817859569703e-05	3.176013547463987	0.013181735341170741	0.0	0.0	0.0	
1.0360360360360361	0.0	0.0	3.0981158395974413	0.019093247291118214	0.0	0.0	0.0	
1.039039039039039	0.0	0.0	3.020218131730901	0.025004759241065252	0.0	0.0	0.0	
1.042042042042042	0.0	0.0	2.942320423864355	0.030916271191012725	0.0	0.0	0.0	
1.045045045045045	0.0	2.30344938317263e-06	2.8644227159978097	0.036827783140960205	0.0	0.0	0.0	
1.048048048048048	0.0	1.4771056795155967e-05	2.7479437596232446	0.042739295090907674	0.0	0.0	0.0	
1.0510510510510511	0.0	2.7238664207139304e-05	2.630202363210724	0.04865080704085515	0.0	0.0	0.0	
1.054054054054054	0.0	3.970627161912172e-05	2.5124609667982116	0.057821670942021425	0.0	0.0	0.0	
1.057057057057057	0.0	2.9970992200566024e-05	2.394719570385691	0.0697711442953914	0.0	0.0	0.0	
1.06006006006006	0.0	1.750338478858269e-05	2.3994203464228625	0.08172061764876137	0.0	0.0	0.0	
1.063063063063063	0.0	5.035777376599353e-06	2.4269953814626675	0.09367009100213136	0.0	0.0	0.0	
1.0660660660660661	0.0	0.0	2.4545704165024724	0.10561956435550134	0.0	0.0	0.0	
1.069069069069069	0.0	0.0	2.4821454515422756	0.11756903770887042	0.0	0.0	0.0	
1.072072072072072	0.0	0.0	2.43019441072101	0.1295185110622404	0.0	0.0	0.0	
1.075075075075075	0.0	0.0	2.346833502060947	0.1607889779778576	0.0	0.0	0.0	
1.078078078078078	0.0	0.0	2.2634725934008846	0.1954045158665876	0.0	0.0	0.0	
1.0810810810810811	0.0	0.0	2.1801116847408215	0.23002005375531764	0.0	0.0	0.0	
1.084084084084084	0.0	0.0	2.133904114148975	0.2646355916440451	0.0	0.0	0.0	
1.087087087087087	0.0	0.0	2.1133935628939025	0.2992511295327751	0.0	0.0	0.0	
1.09009009009009	0.0	0.0	2.0928830116388295	0.3338666674215051	0.0	0.0	0.0	
1.093093093093093	0.0	0.0	2.072372460383757	0.37679280914779933	0.0	0.0	0.0	
1.0960960960960962	0.0	8.890597307708893e-06	2.045483357976888	0.4617668418828732	0.0	0.0	0.0	
1.0990990990990992	0.0	2.1358204719692232e-05	2.011267708179415	0.546740874617947	0.0	0.0	0.0	
1.102102102102102	0.0	3.382581213167464e-05	1.977052058381944	0.6317149073530146	0.0	0.0	0.0	
1.105105105105105	0.0	3.590737453443127e-05	1.9428364085844707	0.7166889400880885	0.0	0.0	0.0	
1.1081081081081081	0.0	2.357330978493094e-05	1.8995577804455248	0.8016629728231622	0.0	0.0	0.0	
1.1111111111111112	0.0	1.1239245035430611e-05	1.8386619302209541	0.886637005558236	0.0	0.0	0.0	
1.1141141141141142	0.0	0.0	1.7777660799963837	0.9922970437772316	0.0	0.0	0.0	
1.117117117117117	0.0	0.0	1.7168702297718177	1.120580014327422	0.0	0.0	0.0	
1.12012012012012	0.0	0.0	1.6578890044780212	1.248862984877622	0.0	0.0	0.0	
1.1231231231231231	0.0	0.0	1.6059415003808188	1.377145955427822	0.0	0.0	0.0	
1.1261261261261262	0.0	0.0	1.5539939962836165	1.505428925978022	0.0	0.0	0.0	
1.1291291291291292	0.0	0.0	1.502046492186414	1.633711896528222	0.0	0.0	0.0	
1.132132132132132	0.0	0.0	1.4480813714171494	1.7619948670784125	0.0	0.0	0.0	
1.135135135135135	0.0	0.0	1.3732684881366195	1.87344024152685	0.0	0.0	0.0	
1.1381381381381381	0.0	0.0	1.2984556048560896	1.9804164791665393	0.0	0.0	0.0	
1.1411411411411412	0.0	0.0	1.2236427215755596	2.087392716806229	0.0	0.0	0.0	
1.1441441441441442	0.0	0.0	1.1488298382950295	2.194368954445918	0.0	0.0	0.0	
1.147147147147147	0.0	0.0	1.0741756138135528	2.3013451920855994	0.0	0.0	0.0	
1.15015015015015	0.0	0.0	0.9995275684880116	2.408321429725289	0.0	0.0	0.0	
1.1531531531531531	0.0	0.0	0.9248795231624706	2.5145693188801728	0.0	0.0	0.0	
1.1561561561561562	0.0	0.0	0.8502314778369294	2.6144643871252744	0.0	0.0	0.0	
1.1591591591591592	0.0	0.0	0.7873275714517942	2.714359455370376	0.0	0.0	0.0	
1.162162162162162	0.0	0.0	0.726714300578623	2.8142545236154706	0.0	0.0	0.0	
1.165165165165165	0.0	0.0	0.6661010297054473	2.914149591860572	0.0	0.0	0.0	
1.1681681681681682	0.0	0.0	0.6054877588322716	3.014044660105674	0.0	0.0	0.0	
1.1711711711711712	0.0	0.0	0.5536987443338203	3.1139397283507755	0.0	0.0	0.0	
1.1741741741741742	0.0	0.0	0.5054954166425301	3.2124032038666264	0.0	0.0	0.0	
1.177177177177177	0.0	0.0	0.4572920889512433	3.3088525245045384	0.0	0.0	0.0	
1.1801801801801801	0.0	0.0	0.4090887612599531	3.405301845142458	0.0	0.0	0.0	
1.1831831831831832	0.0	0.0	0.37181591392160496	3.501751165780377	0.0	0.0	0.0	
1.1861861861861862	0.0	0.0	0.3422863717013433	3.5982004864182966	0.0	0.0	0.0	
1.1891891891891893	0.0	0.0	0.31275682948108163	3.6946498070562157	0.0	0.0	0.0	
1.192192192192192	0.0	0.0	0.28322728726082214	3.791099127694128	0.0	0.0	0.0	
1.1951951951951951	0.0	0.0	0.25946645535445223	3.822711810778928	0.0	0.0	0.0	
1.1981981981981982	0.0	0.0	0.24248814599176466	3.830109103807198	0.0	0.0	0.0	
1.2012012012012012	0.0	0.0	0.22550983662907706	3.8375063968354683	0.0	0.0	0.0	
1.2042042042042043	0.0	0.0	0.2085315272663895	3.8449036898637385	0.0	0.0	0.0	
1.207207207207207	0.0	0.0	0.19242595370121482	3.8523009828920083	0.0	0.0	0.0	
1.2102102102102101	0.0	0.0	0.17806150333888487	3.8596982759202785	0.0	0.0	0.0	
1.2132132132132132	0.0	0.0	0.16369705297655496	3.8664331965949397	0.0	0.0	0.0	
1.2162162162162162	0.0	0.0	0.14933260261422504	3.857550122488334	0.0	0.0	0.0	
1.2192192192192193	0.0	0.0	0.13633087296002327	3.8486670483817282	0.0	0.0	0.0	
1.2222222222222223	0.0	0.0	0.1285128442382312	3.839783974275123	0.0	0.0	0.0	
1.2252252252252251	0.0	0.0	0.12069481551643971	3.8309009001685177	0.0	0.0	0.0	
1.2282282282282282	0.0	0.0	0.11287678679464765	3.822017826061912	0.0	0.0	0.0	
1.2312312312312312	0.0	0.0	0.1052490016939136	3.8131347519553067	0.00016229914551657456	0.0	0.0	
1.2342342342342343	0.0	0.0	0.09973870434180751	3.7805521581445163	0.000522846151067636	0.0	0.0	
1.2372372372372373	0.0	0.0	0.09422840698970142	3.7045876489695284	0.0008833931566186976	0.0	0.0	
1.2402402402402402	0.0	0.0	0.08871810963759573	3.628623139794546	0.001164340892022253	0.0	0.0	
1.2432432432432432	0.0	0.0	0.08320781228548962	3.552658630619558	0.0008623721149979513	0.0	0.0	
1.2462462462462462	0.0	0.0	0.07436323342504056	3.47669412144457	0.0005604033379736496	0.0	0.0	
1.2492492492492493	0.0	0.0	0.06536779073912286	3.4007296122695823	0.00025843456094934794	0.0	0.0	
1.2522522522522523	0.0	0.0	0.05637234805320515	3.324765103094594	4.3534216074954655e-05	0.0	0.0	
1.2552552552552552	0.0	0.0	0.047376905367288114	3.2842080478261755	0.00034550299309923964	0.0	0.0	
1.2582582582582582	0.0	0.0	0.04327354205611304	3.261415533837335	0.000647471770123547	0.0	0.0	
1.2612612612612613	0.0	0.0	0.04016516919082197	3.2386230198484944	0.0009494405471478543	0.0	0.0	
1.2642642642642643	0.0	0.0	0.03705679632553089	3.2158305058596537	0.0012514093241721626	0.0	0.0	
1.2672672672672673	0.0	0.0	0.03394842346023981	3.1930379918708134	0.0015533781011964755	0.0	0.0	
1.2702702702702702	0.0	0.0	0.030673973536073953	3.1702454778819744	0.001855346878220766	0.0	0.0	
1.2732732732732732	0.0	0.0	0.02733011787795807	3.1474529638931337	0.0021573156552450786	0.0	0.0	
1.2762762762762763	0.0	0.0	0.02398626221984218	3.118566623796096	0.0025753671828680066	6.384438095841304e-05	0.0	
1.2792792792792793	0.0	0.0	0.0206424065617263	3.0895464742236265	0.0034812735139409176	0.0008993332203886468	0.0	
1.2822822822822824	0.0	0.0	0.01783078758037712	3.060526324651157	0.004387179845013828	0.0017348220598188805	0.0	
1.2852852852852852	0.0	0.0	0.015405314814279198	3.0315061750786896	0.005293086176086672	0.0025703108992490525	0.0	
1.2882882882882882	0.0	0.0	0.012979842048181096	3.0024860255062205	0.005741927822779108	0.0023424872835395415	0.0	
1.2912912912912913	0.0	0.0	0.010554369282082995	2.973465875933751	0.004534052714681906	0.0017534179342881568	0.0	
1.2942942942942943	0.0	0.0	0.008609788235892587	2.9374145682001074	0.0033261776065847052	0.0011643485850367718	0.0	
1.2972972972972974	0.0	0.0	0.007243988037507176	2.884242573013953	0.002118302498487504	0.000575279235785387	0.0	
1.3003003003003002	0.0	0.0	0.0058781878391218675	2.831070577827803	0.0014908156665796944	0.0	0.0	
1.3033033033033032	0.0	0.0	0.0045123876407364575	2.7778985826416487	0.002698690774676918	0.0	0.0	
1.3063063063063063	0.0	0.0	0.0034015411871055174	2.7247265874554945	0.003906565882774142	0.0	0.0	
1.3093093093093093	0.0	0.0	0.0028128342050428353	2.6715545922693402	0.0051144409908713655	0.0	0.0	
1.3123123123123124	0.0	0.0	0.0022241272229801537	2.618382597083186	0.00648192032724033	0.0	0.0	
1.3153153153153152	0.0	0.0	0.0016354202409175154	2.5782268509118844	0.008293732989386007	0.00017695902442028193	0.0	
1.3183183183183182	0.0	0.0	0.0011277226693639899	2.5466144875431764	0.010105545651531819	0.0007660283736716668	0.0	
1.3213213213213213	0.0	0.0	0.00093933643510394	2.515002124174469	0.011917358313677628	0.0013550977229230517	0.0	
1.3243243243243243	0.0	0.0	0.0007509502008438901	2.483389760805761	0.01303272542583914	0.0019441670721744367	0.0	
1.3273273273273274	0.0	0.0	0.0005625639665838404	2.4517773974370534	0.012428787871790588	0.0025332364214258217	0.0	
1.3303303303303302	0.0	0.0	0.00038139632364485353	2.420165034068348	0.011824850317742079	0.0027821778353026407	0.0	
1.3333333333333333	0.0	0.0	0.0002872032065148286	2.38855267069964	0.011220912763693525	0.0027821778353026407	0.0	
1.3363363363363363	0.0	0.0	0.0001930100893848037	2.370323399342608	0.011465758669886798	0.0027821778353026407	0.0	
1.3393393393393394	0.0	0.0	9.88169722547788e-05	2.3533159478502497	0.0135795401090569	0.0027821778353026407	0.0	
1.3423423423423424	0.0	0.0	4.6238551247538705e-06	2.336308496357891	0.015693321548227	0.0027821778353026407	0.0	
1.3453453453453452	0.0	0.0	4.4784631002633625e-05	2.319301044865534	0.017807102987396947	0.0022788809889738625	0.0	
1.3483483483483483	0.0	0.0	9.188118956764776e-05	2.302293593373175	0.019819321573594697	0.0016898116397224589	0.0	
1.3513513513513513	0.0	0.0	0.00013897774813266192	2.2852861418808166	0.02163113423574063	0.0011007422904710555	0.0	
1.3543543543543544	0.0	0.0	0.00018607430669767604	2.266570595366128	0.023442946897886563	0.000511672941219652	0.0	
1.3573573573573574	0.0	0.0	0.00017487575359308679	2.242102626118748	0.025254759560032498	0.0	0.0	
1.3603603603603605	0.0	0.0	0.0001513274743105793	2.217634656871368	0.029134084441285443	0.0	0.0	
1.3633633633633633	0.0	0.0	0.00012777919502807354	2.1931666876239895	0.03668330386689245	0.0	0.0	
1.3663663663663663	0.0	0.0	0.00010423091574556604	2.168698718376609	0.044232523292500006	0.0	0.0	
1.3693693693693694	0.0	0.0	8.068263646305942e-05	2.1442307491292287	0.051781742718107565	0.0	0.0	
1.3723723723723724	0.0	0.0	5.71343571805532e-05	2.1197627798818486	0.055268511716828256	0.0	0.0	
1.3753753753753755	0.0	0.0	3.358607789804697e-05	2.0939080895582336	0.05224882394658544	0.0	0.0	
1.3783783783783783	0.0	0.0	1.0037798615542484e-05	2.0668795188779945	0.04922913617634286	0.0	0.0	
1.3813813813813813	0.0	0.0	1.3510480666963982e-05	2.0398509481977536	0.04620944840610005	0.0	0.0	
1.3843843843843844	0.0	0.0	3.705875994947063e-05	2.0128223775175123	0.046766144798316256	0.0	0.0	
1.3873873873873874	0.0	0.0	6.0607039231977284e-05	1.9857938068372714	0.052503551561777884	0.0	0.0	
1.3903903903903905	0.0	0.0	8.415531851448394e-05	1.95876523615703	0.05824095832523952	0.0	0.0	
1.3933933933933933	0.0	0.0	8.408289979550387e-05	1.931736665476791	0.06397836508870072	0.0	0.0	
1.3963963963963963	0.0	0.0	5.4907605879143895e-05	1.9127817932011015	0.07546116739469215	0.0	0.0	
1.3993993993993994	0.0	0.0	2.573231196278391e-05	1.8952053191681058	0.09448520034722382	0.0	0.0	
1.4024024024024024	0.0	0.0	0.0	1.8776288451351097	0.11350923329975551	0.0	0.0	
1.4054054054054055	0.0	0.0	0.0	1.860052371102114	0.13253326625228717	0.0	0.0	
1.4084084084084083	0.0	0.0	0.0	1.8424758970691193	0.16285942078954702	0.0	0.0	
1.4114114114114114	0.0	0.0	0.0	1.8248994230361235	0.2066448934580709	0.0	0.0	
1.4144144144144144	0.0	0.0	0.0	1.8079081737422167	0.2504303661265948	0.000282005405194834	0.0	
1.4174174174174174	0.0	0.0	0.0	1.7938406720431408	0.2942158387951187	0.0014601441036976408	0.0	
1.4204204204204205	0.0	0.0	0.0	1.7797731703440647	0.33335861288298646	0.0026382828022004476	0.0	
1.4234234234234233	0.0	0.0	0.0	1.7657056686449897	0.3674810846867301	0.0038164215007031673	0.0	
1.4264264264264264	0.0	0.0	0.0	1.7516381669459138	0.40160355649047613	0.004994560199205974	0.0	
1.4294294294294294	0.0	0.0	0.0	1.7375706652468377	0.43572602829422225	0.005260184057053537	0.0	
1.4324324324324325	0.0	0.0	0.0	1.7235031635477618	0.4910234696237858	0.004671114707802142	0.0	
1.4354354354354355	0.0	0.0	0.0	1.6897043499143922	0.5671196014339134	0.004082045358550748	0.0	
1.4384384384384383	0.0	0.0	0.0	1.634477551109272	0.6432157332440354	0.0034929760092993973	0.0	
1.4414414414414414	0.0	0.0	0.0	1.5792507523041477	0.7193118650541629	0.002903906660048003	0.0	
1.4444444444444444	0.0	0.0	0.0	1.5240239534990234	0.8247728310003372	0.006520902031350448	0.0	
1.4474474474474475	0.0	0.0	0.0	1.4687971546938992	0.9564312177829316	0.011233456825361535	0.0	
1.4504504504504505	0.0	0.0	0.0	1.4135703558887749	1.088089604565526	0.015946011619372626	0.0	
1.4534534534534533	0.0	0.0	0.0	1.3583435570836548	1.2197479913481106	0.020658566413383365	0.0	
1.4564564564564564	0.0	0.0	0.0	1.3111536160106187	1.3537422091034588	0.024998160431514926	0.0	
1.4594594594594594	0.0	0.0	0.0	1.26607438584685	1.489628158764403	0.024409091082263523	0.0	
1.4624624624624625	0.0	0.0	0.0	1.2209951556830811	1.6255141084253473	0.02382002173301212	0.0	
1.4654654654654655	0.0	0.0	0.0	1.1759159255193121	1.7614000580862916	0.023230952383760717	0.0	
1.4684684684684683	0.0	0.0	0.0	1.1308366953555467	1.9108657023765643	0.02264188303450936	0.0	
1.4714714714714714	0.0	0.0	0.0	1.0857574651917778	2.07030521664539	0.0218482046880948	0.0	
1.4744744744744744	0.0	0.0	0.0	1.039596879015461	2.2297447309142155	0.020670065989592028	0.0	
1.4774774774774775	0.0	0.0	0.0	0.9841804060301224	2.3891842451830416	0.01949192729108926	0.0	
1.4804804804804805	0.0	0.0	0.0	0.9287639330447834	2.5540643263130627	0.018313788592586488	0.0	
1.4834834834834836	0.0	0.0	0.0	0.8733474600594446	2.722562903892623	0.01713564989408372	0.0	
1.4864864864864864	0.0	0.0	0.0	0.8179309870741099	2.8910614814721707	0.017796400736168037	0.0	
1.4894894894894894	0.0	0.0	0.0	0.7625145140887711	3.059560059051731	0.019563608783922163	0.0	
1.4924924924924925	0.0	0.0	0.0	0.7070980411034322	3.1697794418608654	0.02133081683167629	0.0	
1.4954954954954955	0.0	0.0	0.0	0.6628264603998698	3.2449696673399324	0.023098024879430416	0.0	
1.4984984984984986	0.0	0.0	0.0	0.6341224344610875	3.3201598928189995	0.024865232927184542	0.0	
1.5015015015015014	0.0	0.0	0.0	0.6054184085223072	3.395350118298061	0.028756228251225566	0.0	
1.5045045045045045	0.0	0.0	0.0	0.5767143825835248	3.437048388440953	0.032879713695985344	0.0	
1.5075075075075075	0.0	0.0	0.0	0.5480103566447425	3.4606019530488332	0.037003199140745124	0.0	
1.5105105105105106	0.0	0.0	0.0	0.5193063307059601	3.4841555176567134	0.041126684585504905	0.0	
1.5135135135135136	0.0	0.0	0.0	0.4906023047671777	3.507709082264593	0.04388456708019447	0.0	
1.5165165165165164	0.0	0.0	0.0	0.47174982818024697	3.5040455092217417	0.04035015098468642	0.0	
1.5195195195195195	0.0	0.0	0.0	0.45654428139990144	3.4871352577083967	0.03681573488917811	0.0	
1.5225225225225225	0.0	0.0	0.0	0.4413387346195559	3.470225006195052	0.0332813187936698	0.0	
1.5255255255255256	0.0	0.0	0.0	0.4261331878392104	3.453314754681707	0.029746902698161486	0.0	
1.5285285285285286	0.0	0.0	0.0	0.4109276410588648	3.4164196811886045	0.02835820893648416	0.0	
1.5315315315315314	0.0	0.0	0.0	0.3957220942785204	3.370822395857921	0.02953634763498688	0.0	
1.5345345345345345	0.0	0.0	0.0	0.3807258220122137	3.3252251105272346	0.030714486333489686	0.0	
1.5375375375375375	0.0	0.0	0.0	0.37045180391738447	3.2796278251965485	0.03189262503199249	0.0	
1.5405405405405406	0.0	0.0	0.0	0.3601777858225552	3.258186373937044	0.0330707637304953	0.0	
1.5435435435435436	0.0	0.0	0.0	0.349903767727726	3.2461076228560715	0.033386134023631685	0.0	
1.5465465465465464	0.0	0.0	0.0	0.3396297496328975	3.2340288717751005	0.033386134023631685	0.0	
1.5495495495495495	0.0	0.0	0.0	0.3293557315380683	3.221950120694128	0.033386134023631685	0.0	
1.5525525525525525	0.0	0.0	0.0	0.31908171344323905	3.2343826036085286	0.033386134023631685	0.0	
1.5555555555555556	0.0	0.0	0.0	0.3082801755353676	3.255218449223221	0.033386134023631685	0.0	
1.5585585585585586	0.0	0.0	0.0	0.2965203763622104	3.276054294837913	0.033386134023631574	0.0	
1.5615615615615615	0.0	0.0	0.0	0.2847605771890541	3.2968901404526036	0.03338613402363146	0.0	
1.5645645645645645	0.0	0.0	0.0	0.27300077801589695	3.2538909824195854	0.03338613402363135	0.0	
1.5675675675675675	0.0	0.0	0.0	0.2612409788427398	3.191685414352577	0.03338613402363124	0.0	
1.5705705705705706	0.0	0.0	0.0	0.2494811796695826	3.1294798462855686	0.03372343937431196	0.0	
1.5735735735735736	0.0	0.0	0.0	0.23772138049642547	3.0672742782185605	0.03490157807281484	0.0	
1.5765765765765765	0.0	0.0	0.0	0.22866316830870353	3.017995276894152	0.03607971677131763	0.0	
1.5795795795795795	0.0	0.0	0.0	0.22094975164673952	2.972096022786443	0.03725785546982051	0.0	
1.5825825825825826	0.0	0.0	0.0	0.2132363349847755	2.926196768678734	0.03843599416832339	0.0	
1.5855855855855856	0.0	0.0	0.0	0.2055229183228115	2.880297514571025	0.03961413286682621	0.0	
1.5885885885885886	0.0	0.0	0.0	0.1978095016608475	2.86966698612922	0.040792271565328976	0.0	
1.5915915915915915	0.0	0.0	0.0	0.19009608499888403	2.8669492671360017	0.041970410263831665	0.0	
1.5945945945945945	0.0	0.0	0.0	0.18238266833692002	2.864231548142783	0.043148548962334436	0.0	
1.5975975975975976	0.0	0.0	0.0	0.17504111332501254	2.861513829149564	0.04432668766083721	0.0	
1.6006006006006006	0.0	0.0	0.0	0.16770704502347342	2.886216016837802	0.04550482635934001	0.0	
1.6036036036036037	0.0	0.0	0.0	0.16037297672193432	2.9161109257632214	0.046682965057842814	0.0	
1.6066066066066067	0.0	0.0	0.0	0.1530389084203952	2.9460058346886413	0.04786110375634562	0.0	
1.6096096096096095	0.0	0.0	0.0	0.14570484011885662	2.9759007436140585	0.049039242454848336	0.0	
1.6126126126126126	0.0	0.0	0.0	0.13837077181731752	2.9736752351932902	0.05056283144811016	0.0	
1.6156156156156156	0.0	0.0	0.0	0.13199032180408915	2.9664279845446933	0.05468631689286985	0.0	
1.6186186186186187	0.0	0.0	0.0	0.12791232692952664	2.959180733896096	0.058809802337629544	0.0	
1.6216216216216217	0.0	0.0	0.0	0.12383433205496412	2.9519334832474984	0.06293328778238924	0.0	
1.6246246246246245	0.0	0.0	0.0	0.1197563371804019	2.9559588303291338	0.06705677322714862	0.0	
1.6276276276276276	0.0	0.0	0.0	0.11567834230583939	2.961394268315585	0.07187703558162639	0.0	
1.6306306306306306	0.0	0.0	0.0	0.11160034743127686	2.966829706302036	0.0777677290741401	0.0	
1.6336336336336337	0.0	0.0	0.0	0.10752235255671434	2.9722651442884875	0.08365842256665382	0.0	
1.6366366366366367	0.0	0.0	0.0	0.10252560156225267	2.8988650358667982	0.08954911605916752	0.0	
1.6396396396396395	0.0	0.0	0.0	0.09693021324599241	2.8179374036242764	0.0954398095516808	0.0	
1.6426426426426426	0.0	0.0	0.0	0.09133482492973172	2.737009771381748	0.10370307032935705	0.0	
1.6456456456456456	0.0	0.0	0.0	0.08573943661347104	2.6560821391392198	0.11312817991737953	0.0	
1.6486486486486487	0.0	0.0	0.0	0.08014404829721036	2.717171483221721	0.12255328950540202	0.0	
1.6516516516516517	0.0	0.0	0.0	0.07454865998094969	2.7878321770454075	0.13197839909342451	0.0	
1.6546546546546546	0.0	0.0	0.0	0.06895327166468943	2.858492870869089	0.1414035086814463	0.0	
1.6576576576576576	0.0	0.0	0.0	0.06567972934940404	2.9291535646927755	0.14971142468583923	0.0	
1.6606606606606606	0.0	0.0	0.0	0.06261333010263984	2.8323942910094697	0.15795839557535862	0.0	
1.6636636636636637	0.0	0.0	0.0	0.05954693085587564	2.728819000490146	0.166205366464878	0.0	
1.6666666666666667	0.0	0.0	0.0	0.05648053160911144	2.625243709970822	0.17445233735439739	0.0	
1.6696696696696696	0.0	0.0	0.0	0.053414132362347475	2.5216684194515055	0.18256661189039874	0.0	
1.6726726726726726	0.0	0.0	0.0	0.05034773311558327	2.4689501538598724	0.19022451343066699	0.0	
1.6756756756756757	0.0	0.0	0.0	0.047697036815812555	2.41701152421168	0.19788241497093523	0.0	
1.6786786786786787	0.0	0.0	0.0	0.0464325422810645	2.365072894563487	0.20554031651120347	0.0	
1.6816816816816818	0.0	0.0	0.0	0.04516804774631644	2.313861727289369	0.2131982180514717	0.0	
1.6846846846846846	0.0	0.0	0.0	0.043903553211568476	2.3434546674377597	0.23476178702191366	0.0	
1.6876876876876876	0.0	0.0	0.0	0.04263905867682042	2.373047607586152	0.2701059479769968	0.0	
1.6906906906906907	0.0	0.0	0.0	0.04137456414207236	2.402640547734545	0.30545010893207986	0.0	
1.6936936936936937	0.0	0.0	0.0	0.0401100696073243	2.4291794872796295	0.34079426988716294	0.0	
1.6966966966966968	0.0	0.0	0.0	0.03870817221919957	2.366068012881538	0.3761384308422461	0.0	
1.6996996996996996	0.0	0.0	0.0	0.03719077877750185	2.3029565384834507	0.3843995754471894	0.0	
1.7027027027027026	0.0	0.0	0.0	0.035673385335804025	2.239845064085359	0.3849886447964395	0.0	
1.7057057057057057	0.0	0.0	0.0	0.034155991894106195	2.1766131794370738	0.38557771414568964	0.0	
1.7087087087087087	0.0	0.0	0.0	0.032638598452408366	2.1113879235998247	0.38616678349493977	0.0	
1.7117117117117118	0.0	0.0	0.0	0.031121205010710536	2.0461626677625753	0.3889426794947055	0.0	
1.7147147147147146	0.0	0.0	0.0	0.029603811569012817	1.9809374119253311	0.4284103258945467	0.0	
1.7177177177177176	0.0	0.0	0.0	0.027464091506028562	1.919698328247969	0.46787797229439076	0.0	
1.7207207207207207	0.0	0.0	0.0	0.025219613706850642	1.9036939830656896	0.5073456186942349	0.0	
1.7237237237237237	0.0	0.0	0.0	0.022975135907672726	1.8876896378834105	0.5468132650940789	0.0	
1.7267267267267268	0.0	0.0	0.0	0.02073065810849481	1.8716852927011312	0.5784288055705921	0.00014818129258421355	
1.7297297297297298	0.0	0.0	0.0	0.018486180309316893	1.8531759662593588	0.5943336780003794	0.0008117242322841372	
1.7327327327327327	0.0	0.0	0.0	0.016241702510139143	1.8133160876921526	0.6102385504301656	0.0014752671719840118	
1.7357357357357357	0.0	0.0	0.0	0.01426360662755928	1.7734562091249433	0.626143422859953	0.0021388101116839356	
1.7387387387387387	0.0	0.0	0.0	0.013599746996816533	1.733596330557734	0.6420482952897403	0.002802353051383859	
1.7417417417417418	0.0	0.0	0.0	0.012935887366073786	1.6970092770551288	0.6834756484111897	0.003465895991083783	
1.7447447447447448	0.0	0.0	0.0	0.012272027735331037	1.6825147757579542	0.7412044446378241	0.004129438930783706	
1.7477477477477477	0.0	0.0	0.0	0.011608168104588338	1.6680202744607806	0.7989332408644543	0.004792981870483581	
1.7507507507507507	0.0	0.0	0.0	0.010944308473845591	1.6535257731636057	0.8566620370910888	0.005456524810183504	
1.7537537537537538	0.0	0.0	0.0	0.010280448843102842	1.6352415776799278	0.9143908333177233	0.006120067749883429	
1.7567567567567568	0.0	0.0	0.0	0.009677429055745099	1.5959856366667686	0.942851763224819	0.005476600906510777	
1.7597597597597598	0.0	0.0	0.0	0.009140018878477124	1.5567296956536094	0.9675926758933803	0.0048130579668108535	
1.7627627627627627	0.0	0.0	0.0	0.008602608701209189	1.5174737546404533	0.9923335885619397	0.004149515027110979	
1.7657657657657657	0.0	0.0	0.0	0.008065198523941214	1.4823884238924996	1.017074501230501	0.0034859720874110553	
1.7687687687687688	0.0	0.0	0.0	0.00752778834667324	1.4666860474872425	1.0426860741843138	0.0028224291477111315	
1.7717717717717718	0.0	0.0	0.0	0.006990378169405266	1.4509836710819854	1.0727286109961345	0.0021588862080112077	
1.7747747747747749	0.0	0.0	0.0	0.006452967992137291	1.4352812946767284	1.1027711478079552	0.0014953432683112843	
1.7777777777777777	0.0	0.0	0.0	0.00619157293183543	1.4144174682026105	1.1328136846197736	0.0008318003286114095	
1.7807807807807807	0.0	0.0	0.0	0.006001898751623212	1.3730477457502737	1.162856221431594	0.00016825738891148613	
1.7837837837837838	0.0	0.0	0.0	0.0058122245714109936	1.331678023297937	1.209273021630298	0.0009905711015768671	
1.7867867867867868	0.0	0.0	0.0	0.005622550391198775	1.2903083008456002	1.276426927444958	0.002317656980976704	
1.7897897897897899	0.0	0.0	0.0	0.005432876210986557	1.2545126531643673	1.343580833259618	0.0036447428603765403	
1.7927927927927927	0.0	0.0	0.0	0.0052432020307743524	1.2379043704280375	1.410734739074273	0.004971828739776279	
1.7957957957957957	0.0	0.0	0.0	0.005036716638031424	1.2212960876917065	1.477888644888933	0.006298914619176116	
1.7987987987987988	0.0	0.0	0.0	0.004688980640975695	1.2046878049553753	1.502734765343266	0.007626000498575952	
1.8018018018018018	0.0	0.0	0.0	0.004341244643919965	1.1808574325027896	1.5109817362327853	0.008953086377975789	
1.8048048048048049	0.0	0.0	0.0	0.0039935086468642364	1.1352601471721135	1.5192287071223047	0.010280172257375625	
1.8078078078078077	0.0	0.0	0.0	0.0036457726498085328	1.089662861841441	1.5274756780118235	0.011607258136775364	
1.8108108108108107	0.0	0.0	0.0	0.003298036652752804	1.044065576510765	1.535722648901343	0.012597277806134668	
1.8138138138138138	0.0	0.0	0.0	0.0029503006556970746	1.0051494693267655	1.5721094644896176	0.013260820745834592	
1.8168168168168168	0.0	0.0	0.0	0.0027350103088457094	0.9840116549350643	1.6086317641431989	0.013924363685534515	
1.8198198198198199	0.0	0.0	0.0	0.0027033979454770016	0.9628738405433631	1.6451540637967803	0.014587906625234438	
1.8228228228228227	0.0	0.0	0.0	0.002671785582108296	0.9417360261516636	1.6816763634503589	0.015251449564934311	
1.8258258258258258	0.0	0.0	0.0	0.002640173218739588	0.9228416432708465	1.7210848969766308	0.015914992504634237	
1.8288288288288288	0.0	0.0	0.0	0.00260856085537088	0.909253048304757	1.7682104449167473	0.016578535444334158	
1.8318318318318318	0.0	0.0	0.0	0.002576948492002172	0.8956644533386675	1.8153359928568638	0.017242078384034083	
1.834834834834835	0.0	0.0	0.0	0.002545336128633464	0.882075858372578	1.8624615407969802	0.017905621323734005	
1.8378378378378377	0.0	0.0	0.0	0.002374962440056374	0.8641226756043514	1.9095870887370932	0.019284551740604637	
1.8408408408408408	0.0	0.0	0.0	0.0021536758964754545	0.8369454856721632	1.981299794705522	0.022602266439104256	
1.8438438438438438	0.0	0.0	0.0	0.0019323893528945348	0.8097682957399751	2.073194613188738	0.02591998113760387	
1.8468468468468469	0.0	0.0	0.0	0.0017111028093136152	0.7825911058077869	2.1650894316719542	0.02923769583610349	
1.84984984984985	0.0	0.0	0.0	0.0014898162657326953	0.7594794482423256	2.2569842501551705	0.032555410534603105	
1.8528528528528527	0.0	0.0	0.0	0.001268529722151792	0.7440790406140835	2.3488790686383796	0.03587312523310248	
1.8558558558558558	0.0	0.0	0.0	0.0010542274119724874	0.7286786329858402	2.371178053933441	0.0391908399316021	
1.8588588588588588	0.0	0.0	0.0	0.000991002685235079	0.713278225357597	2.3788359554737086	0.04250855463010172	
1.8618618618618619	0.0	0.0	0.0	0.0009277779584976703	0.6978778177293552	2.386493857013977	0.045826269328601336	
1.864864864864865	0.0	0.0	0.0	0.0008645532317602617	0.6824774101011157	2.394151758554245	0.04918523908419073	
1.867867867867868	0.0	0.0	0.0	0.0008013285050228532	0.6670770024728764	2.408617435600166	0.0538300396620902	
1.8708708708708708	0.0	0.0	0.0	0.0007381037782854493	0.6516765948446381	2.482251104256584	0.05847484023998932	
1.8738738738738738	0.0	0.0	0.0	0.0006748790515480408	0.6329511430076455	2.555884772913007	0.06311964081788879	
1.8768768768768769	0.0	0.0	0.0	0.0006342126631998734	0.6090956096227257	2.6295184415694304	0.06776444139578824	
1.87987987987988	0.0	0.0	0.0	0.0006342126631998734	0.5852400762378058	2.7031521102258536	0.07240924197368771	
1.882882882882883	0.0	0.0	0.0	0.0006342126631998734	0.561384542852886	2.767379768807576	0.07705404255158718	
1.8858858858858858	0.0	0.0	0.0	0.0006342126631998734	0.5403011229548854	2.8162725247954286	0.0816988431294863	
1.8888888888888888	0.0	0.0	0.0	0.0006342126631998734	0.5230889026645025	2.8651652807832853	0.08634364370738576	
1.8918918918918919	0.0	0.0	0.0	0.0006342126631998734	0.5058766823741196	2.914058036771142	0.09098844428528524	
1.894894894894895	0.0	0.0	0.0	0.0006342126631998734	0.48866446208373665	2.962950792758998	0.0940553914806938	
1.897897897897898	0.0	0.0	0.0	0.000613051171490959	0.46905358450740126	2.9669374510603324	0.0967095632394935	
1.9009009009009008	0.0	0.0	0.0	0.000581438808122259	0.44640592623057945	2.9474981625350476	0.099363734998293	
1.9039039039039038	0.0	0.0	0.0	0.0005498264447535566	0.42375826795375593	2.928058874009762	0.1020179067570927	
1.906906906906907	0.0	0.0	0.0	0.0005182140813848542	0.40111060967693246	2.908619585484476	0.1046720785158924	
1.90990990990991	0.0	0.0	0.0	0.0004866017180161519	0.3783224390823878	2.88918029695919	0.10732625027469209	
1.912912912912913	0.0	0.0	0.0	0.00045498935464744947	0.3553728120285386	2.963840674141531	0.10998042203349179	
1.9159159159159158	0.0	0.0	0.0	0.00042337699127874945	0.3324231849746911	3.045132244338216	0.1126345937922913	
1.9189189189189189	0.0	0.0	0.0	0.00042280844213325286	0.3094735579208419	3.126423814534907	0.11528876555109098	
1.921921921921922	0.0	0.0	0.0	0.00042280844213325215	0.2964242459882896	3.207715384731598	0.12382664589787647	
1.924924924924925	0.0	0.0	0.0	0.00042280844213325145	0.2937065269950709	3.288509394910537	0.13709750469187493	
1.927927927927928	0.0	0.0	0.0	0.00042280844213325074	0.2909888080018522	3.3674446877102127	0.1503683634858734	
1.9309309309309308	0.0	0.0	0.0	0.00042280844213325004	0.2882710890086337	3.446379980509883	0.1636392222798709	
1.9339339339339339	0.0	0.0	0.0	0.00042280844213324933	0.27640722087566405	3.525315273309559	0.17691008107386938	
1.936936936936937	0.0	0.0	0.0	0.00042280844213324884	0.25587334403801254	3.604250566109235	0.19018093986786785	
1.93993993993994	0.0	0.0	0.0	0.00042280844213324884	0.23533946720036097	3.599793773445277	0.2034517986618663	
1.942942942942943	0.0	0.0	0.0	0.00042280844213324884	0.2148055903627094	3.5078989549620836	0.21672265745586478	
1.9459459459459458	0.0	0.0	0.0	0.00042280844213324884	0.19686808242997186	3.4160041364788976	0.2299935162498623	
1.9489489489489489	0.0	0.0	0.0	0.00042280844213324884	0.18116570602470694	3.324109317995704	0.2485021861938922	
1.951951951951952	0.0	0.0	0.0	0.00042280844213324884	0.165463329619442	3.232214499512511	0.2783616184803883	
1.954954954954955	0.0	0.0	0.0	0.00042280844213324884	0.14976095321417704	3.227310151514088	0.30822105076688444	
1.957957957957958	0.0	0.0	0.0	0.0003844162503670572	0.13694052962379144	3.2491057174363687	0.33808048305338056	
1.9609609609609608	0.0	0.0	0.0	0.00032119152362965577	0.12637162242794214	3.2709012833586475	0.36793991533987447	
1.9639639639639639	0.0	0.0	0.0	0.00025796679689224966	0.11580271523209204	3.2926968492809277	0.3977993476263706	
1.966966966966967	0.0	0.0	0.0	0.0001947420701548435	0.10523380803624195	3.3145668973673565	0.4276587799128667	
1.96996996996997	0.0	0.0	0.0	0.00013151734341743739	0.10332713141368394	3.338129671337423	0.45751821219936284	
1.972972972972973	0.0	0.0	0.0	6.829261668003122e-05	0.10755469429202377	3.3616924453074892	0.48737764448585896	
1.9759759759759759	0.0	0.0	0.0	5.067889942629773e-06	0.11178225717036329	3.385255219277554	0.5159547491410176	
1.978978978978979	0.0	0.0	0.0	8.723525519216643e-05	0.11600982004870312	3.40881799324762	0.529225607935017	
1.981981981981982	0.0	0.0	0.0	0.0001820723452982777	0.10901132140802934	3.418093048493431	0.5424964667290165	
1.984984984984985	0.0	0.0	0.0	0.000276909435404389	0.09481878888788717	3.3968865519203812	0.555767325523016	
1.987987987987988	0.0	0.0	0.0	0.0003717465255105003	0.08062625636774498	3.375680055347331	0.5690381843170155	
1.990990990990991	0.0	0.0	0.0	0.0004665836156166116	0.0664337238476028	3.354473558774281	0.582309043111015	
1.993993993993994	0.0	0.0	0.0	0.0005614207057227159	0.05931882420267784	3.333267062201233	0.5955799019050134	
1.996996996996997	0.0	0.0	0.0	0.0006195159081139156	0.05629913643243523	3.2716765664830563	0.6088507606990129	
2.0	0.0	0.0	0.0	0.0005562911813765078	0.05327944866219262	3.182727094746085	0.6221216194930124	
2.003003003003003	0.0	0.0	0.0	0.0004930664546391046	0.050259760891950236	3.09377762300912	0.6353924782870108	
2.006006006006006	0.0	0.0	0.0	0.000429841727901692	0.049821105531741454	3.0048281512721418	0.6575692043482981	
2.009009009009009	0.0	0.0	0.0	0.0003666170011642888	0.050727011862813864	2.9158786795351768	0.6814567501774925	
2.012012012012012	0.0	0.0	0.0	0.0003033922744268763	0.05163291819388641	2.8680759374711804	0.7053442960066905	
2.015015015015015	0.0	0.0	0.0	0.00024016754768947304	0.05253882452495882	2.826252013674354	0.7292318418358847	
2.018018018018018	0.0	0.0	0.0	0.0001941735210093476	0.04974042923988741	2.7844280898775273	0.7531193876650791	
2.021021021021021	0.0	0.0	0.0	0.00016256115764064222	0.04521089758452272	2.7426041660806946	0.7770069334942771	
2.024024024024024	0.0	0.0	0.0	0.0001309487942719415	0.0406813659291587	2.6948551855486746	0.8008944793234715	
2.027027027027027	0.0	0.0	0.0	9.933643090323608e-05	0.03615183427379401	2.613563615351958	0.8247820251526694	
2.03003003003003	0.0	0.0	0.0	6.772406753453535e-05	0.03140925450458736	2.5322720451552536	0.8486695709818637	
2.033033033033033	0.0	0.0	0.0	3.611170416583463e-05	0.02657775407219871	2.4509804749585493	0.8681747458130251	
2.036036036036036	0.0	0.0	0.0	4.499340797129217e-06	0.021746253639809345	2.369688904761833	0.884763319305526	
2.039039039039039	0.0	0.0	0.0	0.0	0.016914753207420696	2.292674578655817	0.9013518927980243	
2.042042042042042	0.0	0.0	0.0	0.0	0.015387778176850636	2.2213971873964087	0.9179404662905251	
2.045045045045045	0.0	0.0	0.0	0.0	0.015085809399826369	2.1501197961370107	0.9345290397830235	
2.048048048048048	0.0	0.0	0.0	0.0	0.014783840622802101	2.0788424048776126	0.9511176132755218	
2.051051051051051	0.0	0.0	0.0	0.0	0.014481871845777788	2.007565013618204	0.9677061867680227	
2.054054054054054	0.0	0.0	0.0	0.0	0.01304212670341996	2.0005772055598996	0.984294760260521	
2.057057057057057	0.0	0.0	0.0	5.3829817171654565e-06	0.011230314041274017	2.0206055634344353	1.0008833337530219	
2.06006006006006	0.0	0.0	0.0	3.699534508586618e-05	0.009418501379128339	2.0406339213089684	1.0258781380403632	
2.063063063063063	0.0	0.0	0.0	6.86077084545669e-05	0.007606688716982664	2.060662279183501	1.065690714422354	
2.066066066066066	0.0	0.0	0.0	0.00010022007182327232	0.007908155728947182	2.0806906370580367	1.1055032908043505	
2.069069069069069	0.0	0.0	0.0	0.00013183243519197303	0.008814062060019986	2.0134499921954596	1.1453158671863413	
2.0720720720720722	0.0	0.0	0.0	0.00016344479856067844	0.009719968391092924	1.9445288783330437	1.1851284435683378	
2.075075075075075	0.0	0.0	0.0	0.00019505716192937917	0.01062587472216573	1.875607764470638	1.2249410199503286	
2.078078078078078	0.0	0.0	0.0	0.00019613891683516895	0.0100794064594918	1.806686650608232	1.2647535963323193	
2.081081081081081	0.0	0.0	0.0	0.00016452655346646354	0.009173500128418862	1.7449114156733037	1.3045661727143159	
2.084084084084084	0.0	0.0	0.0	0.00013291419009776282	0.008267593797346057	1.703676561225721	1.3443787490963066	
2.0870870870870872	0.0	0.0	0.0	0.00010130182672905742	0.007361687466273118	1.662441706778132	1.3814047302915926	
2.09009009009009	0.0	0.0	0.0	6.96894633603567e-05	0.007951677206619963	1.6212068523305492	1.398656846723789	
2.093093093093093	0.0	0.0	0.0	3.8077099991655955e-05	0.008857583537692835	1.5799719978829663	1.4159089631559854	
2.096096096096096	0.0	0.0	0.0	6.4647366229505685e-06	0.009763489868765842	1.552606334513296	1.4331610795881844	
2.099099099099099	0.0	0.0	0.0	0.0	0.010669396199838714	1.5372905314327505	1.450413196020381	
2.1021021021021022	0.0	0.0	0.0	0.0	0.010035884981818672	1.521974728352203	1.46766531245258	
2.105105105105105	0.0	0.0	0.0	0.0	0.009129978650745867	1.5066589252716573	1.4849174288847764	
2.108108108108108	0.0	0.0	0.0	0.0	0.008224072319673061	1.491343122191112	1.5021695453169728	
2.111111111111111	0.0	0.0	0.0	0.0	0.007318165988600123	1.441584117576158	1.5194216617491718	
2.114114114114114	0.0	0.0	0.0	0.0	0.00641225965752729	1.3838553213495273	1.5366737781813684	
2.1171171171171173	0.0	0.0	0.0	0.0	0.005506353326454318	1.3261265251228882	1.592686525153901	
2.12012012012012	0.0	0.0	0.0	0.0	0.00460044699538148	1.2683977288962576	1.6537324756062923	
2.123123123123123	0.0	0.0	0.0	0.0	0.0036945406643086416	1.2117709572462578	1.7147784260586834	
2.126126126126126	0.0	0.0	0.0	0.0	0.003330787834715309	1.1664126173539051	1.7758243765110835	
2.129129129129129	0.0	0.0	0.0	0.0	0.003028819057690985	1.1210542774615593	1.8368703269634745	
2.1321321321321323	0.0	0.0	0.0	0.0	0.002726850280666616	1.0756959375692066	1.8979162774158747	
2.135135135135135	0.0	0.0	0.0	0.0	0.0024248815036422918	1.0303375976768607	1.9589622278682657	
2.138138138138138	0.0	0.0	0.0	1.3299908405638801e-05	0.002401243056970037	0.9944676937413405	2.0200081783206567	
2.141141141141141	0.0	0.0	0.0	4.4912271774344206e-05	0.002401243056970037	0.9750284052160364	2.081054128773057	
2.144144144144144	0.0	0.0	0.0	7.652463514304493e-05	0.002401243056970037	0.9555891166907352	2.112065673413813	
2.1471471471471473	0.0	0.0	0.0	0.00010813699851175033	0.002401243056970037	0.9361498281654311	2.1266636180872087	
2.15015015015015	0.0	0.0	0.0	0.00013974936188045105	0.0021156591470058547	0.9167105396401299	2.141261562760602	
2.153153153153153	0.0	0.0	0.0	0.00017136172524915178	0.001813690369981564	0.8734058946047032	2.1558595074339957	
2.156156156156156	0.0	0.0	0.0	0.0002029740886178572	0.0015117215929572286	0.8168552370765669	2.1704574521073914	
2.159159159159159	0.0	0.0	0.0	0.00016484907610454745	0.001209752815932938	0.7603045795484391	2.1850553967807853	
2.1621621621621623	0.0	0.0	0.0	0.0001013643250334821	0.0012006215284850186	0.7037539220203028	2.199653341454181	
2.165165165165165	0.0	0.0	0.0	3.787957396242614e-05	0.0012006215284850186	0.647203264492175	2.2142512861275745	
2.168168168168168	0.0	0.0	0.0	0.0	0.0012006215284850186	0.636179270831047	2.228849230800968	
2.171171171171171	0.0	0.0	0.0	0.0	0.0012006215284850186	0.629110438640034	2.245613924269714	
2.174174174174174	0.0	0.0	0.0	0.0	0.0009005304592965036	0.6220416064490221	2.2655202124607143	
2.1771771771771773	0.0	0.0	0.0	0.0	0.0005985616822721683	0.6149727742580091	2.285426500651717	
2.18018018018018	0.0	0.0	0.0	0.0	0.00029659290524787767	0.6047696833723403	2.3053327888427173	
2.1831831831831834	0.0	0.0	0.0	0.0	0.0	0.5817959787515334	2.3252390770337206	
2.186186186186186	0.0	0.0	0.0	0.0	0.0	0.55882227413073	2.3451453652247207	
2.189189189189189	0.0	0.0	0.0	0.0	0.0	0.5358485695099267	2.365051653415721	
2.1921921921921923	0.0	0.0	0.0	0.0	0.0	0.5128748648891198	2.3849579416067237	
2.195195195195195	0.0	0.0	0.0	0.0	5.051780555458081e-05	0.4938106961966826	2.404864229797724	
2.1981981981981984	0.0	0.0	0.0	0.0	0.001258392913651832	0.47908396246539336	2.4260093848341016	
2.201201201201201	0.0	0.0	0.0	0.0	0.002466268021748905	0.4643572287341063	2.4532146453617925	
2.204204204204204	0.0	0.0	0.0	0.0	0.0036741431298459777	0.4496304950028192	2.480419905889483	
2.2072072072072073	0.0	0.0	0.0	0.0	0.004802486113940074	0.43490376127152996	2.507625166417178	
2.21021021021021	0.0	0.0	0.0	0.0	0.004802486113940074	0.4259285067447072	2.5348304269448683	
2.2132132132132134	0.0	0.0	0.0	0.0	0.004802486113940074	0.41885967455369016	2.562035687472563	
2.2162162162162162	0.0	0.0	0.0	0.0	0.004802486113940074	0.4117908423626742	2.5892409480002536	
2.219219219219219	0.0	0.0	0.0	0.0	0.004748212892714121	0.4047220101716582	2.6164462085279445	
2.2222222222222223	0.0	0.0	0.0	0.0	0.004144275338665495	0.397256673045381	2.643651469055639	
2.225225225225225	0.0	0.0	0.0	0.0	0.0035403377846169592	0.376050176472335	2.67085672958333	
2.2282282282282284	0.0	0.0	0.0	0.0	0.002936400230568333	0.3548436798992859	2.6344133607758966	
2.2312312312312312	0.0	0.0	0.0	0.0	0.002332462676519792	0.33363718332623993	2.593273698514509	
2.234234234234234	0.0	0.0	0.0	0.0	0.0017285251224712108	0.31243068675319396	2.552134036253121	
2.2372372372372373	0.0	0.0	0.0	0.0	0.0011245875684225402	0.28870853088121556	2.5109943739917275	
2.24024024024024	0.0	0.0	0.0	0.0	0.0005206500143739589	0.25925506341864607	2.46985471173034	
2.2432432432432434	0.0	0.0	0.0	0.0	4.164376983735577e-05	0.2298015959560722	2.4287150494689462	
2.2462462462462462	0.0	0.0	0.0	0.0	0.0003436125468616464	0.2003481284935027	2.387575387207559	
2.249249249249249	0.0	0.0	0.0	0.0	0.0006455813238859371	0.17089466103093318	2.346435724946171	
2.2522522522522523	0.0	0.0	0.0	0.0	0.0009475501009102723	0.15824127775137029	2.3052960626847776	
2.255255255255255	0.0	0.0	0.0	0.0	0.0011517241790354779	0.15765220840211894	2.271052328176505	
2.2582582582582584	0.0	0.0	0.0	0.0	0.000849755402011165	0.15706313905286753	2.2398658100106026	
2.2612612612612613	0.0	0.0	0.0	0.0	0.0005477866249868968	0.1564740697036162	2.2086792918447045	
2.264264264264264	0.0	0.0	0.0	0.0	0.00024581784796262867	0.15588500035436487	2.1774927736788063	
2.2672672672672673	0.0	0.0	0.0	0.0	0.0	0.1487175699712984	2.1463062555129038	
2.27027027027027	0.0	0.0	0.0	0.0	0.0	0.14047059908178053	2.1151197373470056	
2.2732732732732734	0.0	0.0	0.0	0.0	0.0	0.1322236281922614	2.083933219181103	
2.2762762762762763	0.0	0.0	0.0	0.0	0.0	0.12397665730274354	2.052746701015205	
2.279279279279279	0.0	0.0	0.0	0.0	0.0	0.11677134174917782	2.021560182849307	
2.2822822822822824	0.0	0.0	0.0	0.0	0.0	0.11618227239992561	2.019318545591596	
2.285285285285285	0.0	0.0	0.0	0.0	0.0	0.11559320305067348	2.051832149636889	
2.2882882882882885	0.0	0.0	0.0	0.0	0.0	0.11500413370142128	2.0843457536821877	
2.2912912912912913	0.0	0.0	0.0	0.0	0.0	0.11441506435216915	2.116859357727481	
2.294294294294294	0.0	0.0	0.0	0.0	0.0	0.1121229212914935	2.149372961772774	
2.2972972972972974	0.0	0.0	0.0	0.0	0.0	0.10741036649748215	2.1818865658180724	
2.3003003003003	0.0	0.0	0.0	0.0	0.0	0.10269781170347149	2.2144001698633655	
2.3033033033033035	0.0	0.0	0.0	0.0	7.791166789825398e-05	0.09798525690946014	2.2469137739086635	
2.3063063063063063	0.0	0.0	0.0	0.0	0.0003798804449225446	0.09327270211544947	2.279427377953957	
2.309309309309309	0.0	0.0	0.0	0.0	0.0006818492219468353	0.09465712465308972	2.3009076646750657	
2.3123123123123124	0.0	0.0	0.0	0.0	0.0009838179989711704	0.09878061009785039	2.2823284623634703	
2.315315315315315	0.0	0.0	0.0	0.0	0.0011154562809745823	0.10290409554261044	2.263749260051878	
2.3183183183183185	0.0	0.0	0.0	0.0	0.0008134875039502695	0.10702758098737113	2.2451700577402827	
2.3213213213213213	0.0	0.0	0.0	0.0	0.0005115187269260014	0.11115106643213118	2.22659085542869	
2.324324324324324	0.0	0.0	0.0	0.0	0.0002095499499017333	0.09932479801775707	2.2080116531170977	
2.3273273273273274	0.0	0.0	0.0	0.0	9.241882712258988e-05	0.08695434168347649	2.1894324508055023	
2.33033033033033	0.0	0.0	0.0	0.0	0.00039438760414689175	0.07458388534919774	2.17085324849391	
2.3333333333333335	0.0	0.0	0.0	0.0	0.0006963563811712382	0.06221342901491716	2.1522740461823147	
2.3363363363363363	0.0	0.0	0.0	0.0	0.00099832515819554	0.05386751426745495	2.133694843870722	
2.339339339339339	0.0	0.0	0.0	0.0	0.0011009491217502845	0.057990999712213574	2.1235476162054256	
2.3423423423423424	0.0	0.0	0.0	0.0	0.000798980344725938	0.06211448515697281	2.1135944721099227	
2.3453453453453452	0.0	0.0	0.0	0.0	0.0004970115677016361	0.06623797060173144	2.1036413280144206	
2.3483483483483485	0.0	0.0	0.0	0.0	0.00019504279067728957	0.07036145604649066	2.0936881839189176	
2.3513513513513513	0.0	0.0	0.0	0.0	0.0	0.06803998817109695	2.0837350398234156	
2.354354354354354	0.0	0.0	0.0	0.0	0.0	0.05979301728157926	2.073781895727914	
2.3573573573573574	0.0	0.0	0.0	0.0	0.0	0.05154604639206035	2.0638287516324105	
2.3603603603603602	0.0	0.0	0.0	0.0	0.0	0.04329907550254265	2.0538756075369085	
2.3633633633633635	0.0	0.0	0.0	0.0	0.0	0.035052104613023743	2.0439224634414055	
2.3663663663663663	0.0	0.0	0.0	0.0	0.0	0.037146705623704965	2.021219072912743	
2.369369369369369	0.0	0.0	0.0	0.0	0.0	0.04185926041771591	1.9940138123850515	
2.3723723723723724	0.0	0.0	0.0	0.0	0.0	0.04657181521172757	1.9668085518573561	
2.3753753753753752	0.0	0.0	0.0	0.0	0.0	0.05128437000573852	1.939603291329665	
2.3783783783783785	0.0	0.0	0.0	0.0	0.0	0.05542270164749335	1.9123980308019697	
2.3813813813813813	0.0	0.0	0.0	0.0	0.0	0.05247735490123623	1.8851927702742783	
2.384384384384384	0.0	0.0	0.0	0.0	0.0	0.04953200815497911	1.857987509746587	
2.3873873873873874	0.0	0.0	0.0	0.0	0.0	0.04658666140872155	1.8307822492188917	
2.3903903903903903	0.0	0.0	0.0	0.0	0.0	0.04364131466246443	1.8035769886912003	
2.3933933933933935	0.0	0.0	0.0	0.0	0.0	0.041525327606872574	1.77504302915216	
2.3963963963963963	0.0	0.0	0.0	0.0	0.0	0.04093625825762124	1.7451835968656624	
2.399399399399399	0.0	0.0	0.0	0.0	0.0	0.040347188908369906	1.7153241645791648	
2.4024024024024024	0.0	0.0	0.0	0.0	0.0	0.03975811955911848	1.685464732292663	
2.4054054054054053	0.0	0.0	0.0	0.0	0.0	0.039169050209867155	1.6556053000061657	
2.4084084084084085	0.0	0.0	0.0	0.0	0.0	0.03672743669251272	1.6257458677196637	
2.4114114114114114	0.0	0.0	0.0	0.0	0.0001431938844078958	0.03319302059700487	1.595886435433166	
2.414414414414414	0.0	0.0	0.0	0.0	0.00044516266143216395	0.02965860450149703	1.5660270031466688	
2.4174174174174174	0.0	0.0	0.0	0.0	0.0007471314384564768	0.02612418840598866	1.536167570860167	
2.4204204204204203	0.0	0.0	0.0	0.0	0.001049100215480745	0.022589772310480816	1.5059602277494957	
2.4234234234234235	0.0	0.0	0.0	0.0	0.0010209891069488872	0.023324778171571088	1.4747737095835995	
2.4264264264264264	0.0	0.0	0.0	0.0	0.0006604421013978445	0.02450291687007364	1.443587191417708	
2.429429429429429	0.0	0.0	0.0	0.0	0.0002998950958468015	0.025681055568576194	1.4124006732518166	
2.4324324324324325	0.0	0.0	0.0	0.0	0.0	0.026859194267078924	1.3812141550859205	
2.4354354354354353	0.0	0.0	0.0	0.0	0.0	0.027282891821637144	1.350027636920029	
2.4384384384384385	0.0	0.0	0.0	0.0	0.0	0.024337545075380048	1.3188411187541331	
2.4414414414414414	0.0	0.0	0.0	0.0	0.0	0.02139219832912339	1.2876546005882417	
2.4444444444444446	0.0	0.0	0.0	0.0	0.0	0.01844685158286629	1.2564680824223455	
2.4474474474474475	0.0	0.0	0.0	0.0	0.0	0.015501504836609632	1.225674966039948	
2.4504504504504503	0.0	0.0	0.0	0.0	0.0	0.013368996742049005	1.2110770213665485	
2.4534534534534536	0.0	0.0	0.0	0.0	0.0	0.012190858043546221	1.196479076693147	
2.4564564564564564	0.0	0.0	0.0	0.0	0.0	0.011012719345043612	1.1818811320197475	
2.4594594594594597	0.0	0.0	0.0	0.0	0.0	0.00983458064654083	1.167283187346346	
2.4624624624624625	0.0	0.0	0.0	0.0	0.0	0.00865644194803822	1.1526852426729468	
2.4654654654654653	0.0	0.0	0.0	0.0	0.0	0.009214763762280519	1.1380872979995473	
2.4684684684684686	0.0	0.0	0.0	0.0	0.0	0.010392902460783338	1.1234893533261459	
2.4714714714714714	0.0	0.0	0.0	0.0	0.0	0.011571041159285984	1.1088914086527464	
2.4744744744744747	0.0	0.0	0.0	0.0	0.0	0.012749179857788805	1.094293463979345	
2.4774774774774775	0.0	0.0	0.0	0.0	0.0	0.013894459796734518	1.0718796242515694	
2.4804804804804803	0.0	0.0	0.0	0.0	0.0	0.012716321098231854	1.0473285354826745	
2.4834834834834836	0.0	0.0	0.0	0.0	0.0	0.011538182399729015	1.0227774467137758	
2.4864864864864864	0.0	0.0	0.0	0.0	0.0	0.01036004370122635	0.9982263579448809	
2.4894894894894897	0.0	0.0	0.0	0.0	0.0	0.009181905002723513	0.9736752691759822	
2.4924924924924925	0.0	0.0	0.0	0.0	0.0	0.008860684308438236	0.9491241804070873	
2.4954954954954953	0.0	0.0	0.0	0.0	0.0	0.010627892356192343	0.9245730916381923	
2.4984984984984986	0.0	0.0	0.0	0.0	0.0	0.01239510040394671	0.9000220028692938	
2.5015015015015014	0.0	0.0	0.0	0.0	0.0	0.014162308451700818	0.8754709141003989	
2.5045045045045047	0.0	0.0	0.0	0.0	0.0	0.015929516499455183	0.8596279932405576	
2.5075075075075075	0.0	0.0	0.0	0.0	0.0	0.015689409476422913	0.8510019350244608	
2.5105105105105103	0.0	0.0	0.0	0.0	0.0	0.013922201428668807	0.8423758768083638	
2.5135135135135136	0.0	0.0	0.0	0.0	0.0	0.012154993380914438	0.8337498185922657	
2.5165165165165164	0.0	0.0	0.0	0.0	0.0	0.010387785333160333	0.8251237603761687	
2.5195195195195197	0.0	0.0	0.0	0.0	0.0	0.008620577285405964	0.8164977021600707	
2.5225225225225225	0.0	0.0	0.0	0.0	0.0	0.008844254928660054	0.8078716439439737	
2.5255255255255253	0.0	0.0	0.0	0.0	0.0	0.00943332427791135	0.7992455857278769	
2.5285285285285286	0.0	0.0	0.0	0.0	0.0	0.010022393627162732	0.7906195275117788	
2.5315315315315314	0.0	0.0	0.0	0.0	0.0	0.010611462976414028	0.7809703643517005	
2.5345345345345347	0.0	0.0	0.0	0.0	0.0	0.011056890356755361	0.7690265914370997	
2.5375375375375375	0.0	0.0	0.0	0.0	0.0	0.010467821007504029	0.7570828185225006	
2.5405405405405403	0.0	0.0	0.0	0.0	0.0	0.009878751658252697	0.7451390456079015	
2.5435435435435436	0.0	0.0	0.0	0.0	0.0	0.009289682309001278	0.7331952726933006	
2.5465465465465464	0.0	0.0	0.0	0.0	0.0	0.008700612959749946	0.7212514997787015	
2.5495495495495497	0.0	0.0	0.0	0.0	0.0	0.008346533505907814	0.7093077268641007	
2.5525525525525525	0.0	0.0	0.0	0.0	0.0	0.008346533505907867	0.6973639539495016	
2.5555555555555554	0.0	0.0	0.0	0.0	0.0	0.008346533505907923	0.6854201810349024	
2.5585585585585586	0.0	0.0	0.0	0.0	0.0	0.008346533505907978	0.6727339817515285	
2.5615615615615615	0.0	0.0	0.0	0.0	0.0	0.008346533505908034	0.6501735218017339	
2.5645645645645647	0.0	0.0	0.0	0.0	0.0	0.007550215893180985	0.627613061851936	
2.5675675675675675	0.0	0.0	0.0	0.0	0.0	0.006372077194678229	0.6050526019021415	
2.5705705705705704	0.0	0.0	0.0	0.0	0.0	0.005193938496175473	0.5824921419523469	
2.5735735735735736	0.0	0.0	0.0	0.0	0.0	0.004015799797672541	0.5599316820025491	
2.5765765765765765	0.0	0.0	0.0	0.0	0.0	0.0028376610991697852	0.5373712220527544	
2.5795795795795797	0.0	0.0	0.0	0.0	0.0	0.002782177835302597	0.5148107621029565	
2.5825825825825826	0.0	0.0	0.0	0.0	0.0	0.002782177835302597	0.49225030215316196	
2.5855855855855854	0.0	0.0	0.0	0.0	0.0	0.002782177835302597	0.4696898422033674	
2.5885885885885886	0.0	0.0	0.0	0.0	0.0	0.002782177835302597	0.45209490947657105	
2.5915915915915915	0.0	0.0	0.0	0.0	0.0	0.0026467505562819513	0.4355063359840734	
2.5945945945945947	0.0	0.0	0.0	0.0	0.0	0.002057681207030532	0.41891776249157325	
2.5975975975975976	0.0	0.0	0.0	0.0	0.0	0.0014686118577791998	0.4023291889990756	
2.6006006006006004	0.0	0.0	0.0	0.0	0.0	0.0008795425085278677	0.3857406155065779	
2.6036036036036037	0.0	0.0	0.0	0.0	0.0	0.0002904731592764482	0.3691520420140778	
2.6066066066066065	0.0	0.0	0.0	0.0	0.0	0.0	0.3525634685215801	
2.6096096096096097	0.0	0.0	0.0	0.0	0.0	0.0	0.33597489502908	
2.6126126126126126	0.0	0.0	0.0	0.0	0.0	0.0	0.3193863215365823	
2.6156156156156154	0.0	0.0	0.0	0.0	0.0	0.0	0.3122418897941456	
2.6186186186186187	0.0	0.0	0.0	0.0	0.0	0.0	0.31157834685444613	
2.6216216216216215	0.0	0.0	0.0	0.0	0.0	0.0	0.3109148039147468	
2.6246246246246248	0.0	0.0	0.0	0.0	0.0	0.0	0.3102512609750474	
2.6276276276276276	0.0	0.0	0.0	0.0	0.0	0.0	0.30958771803534807	
2.6306306306306304	0.0	0.0	0.0	0.0	0.0	0.0	0.30892417509564873	
2.6336336336336337	0.0	0.0	0.0	0.0	0.0	0.0	0.3082606321559493	
2.6366366366366365	0.0	0.0	0.0	0.0	0.0	0.0	0.30759708921624995	
2.6396396396396398	0.0	0.0	0.0	0.0	0.0	0.0	0.3069335462765505	
2.6426426426426426	0.0	0.0	0.0	0.0	0.0	0.0	0.2982702601096925	
2.6456456456456454	0.0	0.0	0.0	0.0	0.0	0.0	0.2750462572201964	
2.6486486486486487	0.0	0.0	0.0	0.0	0.0	0.0	0.25182225433069677	
2.6516516516516515	0.0	0.0	0.0	0.0	0.0	0.0	0.22859825144120063	
2.6546546546546548	0.0	0.0	0.0	0.0	0.0	0.0	0.20537424855170106	
2.6576576576576576	0.0	0.0	0.0	0.0	0.0	0.0	0.18215024566220492	
2.6606606606606604	0.0	0.0	0.0	0.0	0.0	0.0	0.15892624277270878	
2.6636636636636637	0.0	0.0	0.0	0.0	0.0	0.0	0.1357022398832092	
2.6666666666666665	0.0	0.0	0.0	0.0	0.0	0.0	0.11247823699371307	
2.66966966966967	0.0	0.0	0.0	0.0	0.0	0.0	0.09210572142021903	
2.6726726726726726	0.0	0.0	0.0	0.0	0.0	0.0	0.09343280729961877	
2.6756756756756754	0.0	0.0	0.0	0.0	0.0	0.0	0.09475989317901849	
2.6786786786786787	0.0	0.0	0.0	0.0	0.0	0.0005253713954950019	0.09608697905841841	
2.6816816816816815	0.0	0.0	0.0	0.0	0.0	0.001114440744746334	0.09741406493781814	
2.684684684684685	0.0	0.0	0.0	0.0	0.0	0.001703510093997753	0.09874115081721807	
2.6876876876876876	0.0	0.0	0.0	0.0	0.0	0.0022925794432490853	0.1000682366966178	
2.6906906906906904	0.0	0.0	0.0	0.0	0.0	0.002641096187289985	0.10139532257601752	
2.6936936936936937	0.0	0.0	0.0	0.0	0.0	0.0018056073478596583	0.10272240845541744	
2.6966966966966965	0.0	0.0	0.0	0.0	0.0	0.0009701185084294551	0.10404949433481717	
2.6996996996997	0.0	0.0	0.0	0.0	0.0	0.00013462966899912806	0.10013506280083691	
2.7027027027027026	0.0	0.0	0.0	0.0	0.0	0.0	0.09549026222293797	
2.705705705705706	0.0	0.0	0.0	0.0	0.0	0.0	0.09084546164503834	
2.7087087087087087	0.0	0.0	0.0	0.0	0.0	0.0	0.08620066106713939	
2.7117117117117115	0.0	0.0	0.0	0.0	0.0	0.0	0.08155586048924046	
2.714714714714715	0.0	0.0	0.0	0.0	0.0	0.0	0.07691105991134083	
2.7177177177177176	0.0	0.0	0.0	0.0	0.0	0.0	0.07226625933344188	
2.720720720720721	0.0	0.0	0.0	0.0	0.0	0.0	0.06762145875554226	
2.7237237237237237	0.0	0.0	0.0	0.0	0.0	0.0	0.06297665817764331	
2.7267267267267266	0.0	0.0	0.0	0.0	0.0	0.0	0.059180200565666155	
2.72972972972973	0.0	0.0	0.0	0.0	0.0	0.0	0.05586248586716618	
2.7327327327327327	0.0	0.0	0.0	0.0	0.0	0.0	0.05254477116866671	
2.735735735735736	0.0	0.0	0.0	0.0	0.0	0.0	0.04922705647016674	
2.7387387387387387	0.0	0.0	0.0	0.0	0.0	0.0	0.04590934177166726	
2.7417417417417416	0.0	0.0	0.0	0.0	0.0	0.0	0.042591627073167784	
2.744744744744745	0.0	0.0	0.0	0.0	0.0	0.0	0.03927391237466781	
2.7477477477477477	0.0	0.0	0.0	0.0	0.0	0.0	0.03595619767616833	
2.750750750750751	0.0	0.0	0.0	0.0	0.0	0.0	0.03263848297766836	
2.7537537537537538	0.0	0.0	0.0	0.0	0.0	0.0	0.0306505289902351	
2.7567567567567566	0.0	0.0	0.0	0.0	0.0	0.0	0.03065052899023515	
2.75975975975976	0.0	0.0	0.0	0.0	0.0	0.0	0.030650528990235203	
2.7627627627627627	0.0	0.0	0.0	0.0	0.0	0.0	0.030650528990235258	
2.765765765765766	0.0	0.0	0.0	0.0	0.0	0.0	0.03065052899023531	
2.7687687687687688	0.0	0.0	0.0	0.0	0.0	0.0	0.030650528990235362	
2.7717717717717716	0.0	0.0	0.0	0.0	0.0	0.0	0.030650528990235414	
2.774774774774775	0.0	0.0	0.0	0.0	0.0	0.0	0.030650528990235466	
2.7777777777777777	0.0	0.0	0.0	0.0	0.0	0.0	0.03065052899023552	
2.780780780780781	0.0	0.0	0.0	0.0	0.0	0.0	0.030111864982908656	
2.7837837837837838	0.0	0.0	0.0	0.0	0.0	0.0	0.02679415028440923	
2.7867867867867866	0.0	0.0	0.0	0.0	0.0	0.0	0.023476435585909804	
2.78978978978979	0.0	0.0	0.0	0.0	0.0	0.0	0.020158720887409887	
2.7927927927927927	0.0	0.0	0.0	0.0	0.0	0.0	0.016841006188910462	
2.795795795795796	0.0	0.0	0.0	0.0	0.0	0.0	0.013523291490410545	
2.798798798798799	0.0	0.0	0.0	0.0	0.0	0.0	0.010205576791911121	
2.8018018018018016	0.0	0.0	0.0	0.0	0.0	0.0	0.006887862093411697	
2.804804804804805	0.0	0.0	0.0	0.0	0.0	0.0	0.0035701473949117796	
2.8078078078078077	0.0	0.0	0.0	0.0	0.0	0.0	0.0002524326964123552	
2.810810810810811	0.0	0.0	0.0	0.0	0.0	0.0	0.0	
2.813813813813814	0.0	0.0	0.0	0.0	0.0	0.0	0.0	
2.8168168168168166	0.0	0.0	0.0	0.0	0.0	0.0	0.0	
2.81981981981982	0.0	0.0	0.0	0.0	0.0	0.0	0.0	
2.8228228228228227	0.0	0.0	0.0	0.0	0.0	0.0	0.0	
2.825825825825826	0.0	0.0	0.0	0.0	0.0	0.0	0.0	
2.828828828828829	0.0	0.0	0.0	0.0	0.0	0.0	0.0	
2.8318318318318316	0.0	0.0	0.0	0.0	0.0	0.0	0.0	
2.834834834834835	0.0	0.0	0.0	0.0	0.0	0.0	0.0	
2.8378378378378377	0.0	0.0	0.0	0.0	0.0	0.0	0.0004548370596695547	
2.840840840840841	0.0	0.0	0.0	0.0	0.0	0.0	0.0011183799993695273	
2.843843843843844	0.0	0.0	0.0	0.0	0.0	0.0	0.001781922939069402	
2.8468468468468466	0.0	0.0	0.0	0.0	0.0	0.0	0.0024454658787692765	
2.84984984984985	0.0	0.0	0.0	0.0	0.0	0.0	0.003109008818469249	
2.8528528528528527	0.0	0.0	0.0	0.0	0.0	0.0	0.0037725517581691237	
2.855855855855856	0.0	0.0	0.0	0.0	0.0	0.0	0.0044360946978690965	
2.858858858858859	0.0	0.0	0.0	0.0	0.0	0.0	0.0050996376375689705	
2.8618618618618616	0.0	0.0	0.0	0.0	0.0	0.0	0.005763180577268845	
2.864864864864865	0.0	0.0	0.0	0.0	0.0	0.0	0.005307196831143129	
2.8678678678678677	0.0	0.0	0.0	0.0	0.0	0.0	0.003466324219117069	
2.870870870870871	0.0	0.0	0.0	0.0	0.0	0.0	0.0016254516070907362	
2.873873873873874	0.0	0.0	0.0	0.0	0.0	0.0	0.0	
2.8768768768768767	0.0	0.0	0.0	0.0	0.0	0.0	0.0	
2.87987987987988	0.0	0.0	0.0	0.0	0.0	0.0	0.0	
2.8828828828828827	0.0	0.0	0.0	0.0	0.0	0.0	0.0	
2.885885885885886	0.0	0.0	0.0	0.0	0.0	0.0	0.0	
2.888888888888889	0.0	0.0	0.0	0.0	0.0	0.0	0.0	
2.8918918918918917	0.0	0.0	0.0	0.0	0.0	0.0	0.0	
2.894894894894895	0.0	0.0	0.0	0.0	0.0	0.0	0.0	
2.8978978978978978	0.0	0.0	0.0	0.0	0.0	0.0	0.0	
2.900900900900901	0.0	0.0	0.0	0.0	0.0	0.0	0.0	
2.903903903903904	0.0	0.0	0.0	0.0	0.0	0.0	0.0	
2.9069069069069067	0.0	0.0	0.0	0.0	0.0	0.0	0.0	
2.90990990990991	0.0	0.0	0.0	0.0	0.0	0.0	0.0	
2.9129129129129128	0.0	0.0	0.0	0.0	0.0	0.0	0.0	
2.915915915915916	0.0	0.0	0.0	0.0	0.0	0.0	0.0	
2.918918918918919	0.0	0.0	0.0	0.0	0.0	0.0	0.0	
2.9219219219219217	0.0	0.0	0.0	0.0	0.0	0.0	0.0	
2.924924924924925	0.0	0.0	0.0	0.0	0.0	0.0	0.0	
2.9279279279279278	0.0	0.0	0.0	0.0	0.0	0.0	0.0	
2.930930930930931	0.0	0.0	0.0	0.0	0.0	0.0	0.0	
2.933933933933934	0.0	0.0	0.0	0.0	0.0	0.0	0.0	
2.9369369369369367	0.0	0.0	0.0	0.0	0.0	0.0	0.0	
2.93993993993994	0.0	0.0	0.0	0.0	0.0	0.0	0.0	
2.942942942942943	0.0	0.0	0.0	0.0	0.0	0.0	0.0	
2.945945945945946	0.0	0.0	0.0	0.0	0.0	0.0	0.0	
2.948948948948949	0.0	0.0	0.0	0.0	0.0	0.0	0.0	
2.951951951951952	0.0	0.0	0.0	0.0	0.0	0.0	0.0	
2.954954954954955	0.0	0.0	0.0	0.0	0.0	0.0	0.0	
2.957957957957958	0.0	0.0	0.0	0.0	0.0	0.0	0.0	
2.960960960960961	0.0	0.0	0.0	0.0	0.0	0.0	0.0	
2.963963963963964	0.0	0.0	0.0	0.0	0.0	0.0	0.0	
2.966966966966967	0.0	0.0	0.0	0.0	0.0	0.0	0.0	
2.96996996996997	0.0	0.0	0.0	0.0	0.0	0.0	0.0	
2.972972972972973	0.0	0.0	0.0	0.0	0.0	0.0	0.0	
2.975975975975976	0.0	0.0	0.0	0.0	0.0	0.0	0.0	
2.978978978978979	0.0	0.0	0.0	0.0	0.0	0.0	0.0	
2.981981981981982	0.0	0.0	0.0	0.0	0.0	0.0	0.0	
2.984984984984985	0.0	0.0	0.0	0.0	0.0	0.0	0.0	
2.987987987987988	0.0	0.0	0.0	0.0	0.0	0.0	0.0	
2.990990990990991	0.0	0.0	0.0	0.0	0.0	0.0	0.0	
2.993993993993994	0.0	0.0	0.0	0.0	0.0	0.0	0.0	
2.996996996996997	0.0	0.0	0.0	0.0	0.0	0.0	0.0	
3.0	0.0	0.0	0.0	0.0	0.0	0.0	0.0	
