0.0	0.0	0.0	0.0	0.0	0.0	
0.003003003003003003	0.0	0.0	0.0	0.0	0.0	
0.006006006006006006	0.0	0.0	0.0	0.0	0.0	
0.009009009009009009	0.0	0.0	0.0	0.0	0.0	
0.012012012012012012	0.0	0.0	0.0	0.0	0.0	
0.015015015015015015	0.0	0.0	0.0	0.0	0.0	
0.018018018018018018	0.0	0.0	0.0	0.0	0.0	
0.02102102102102102	1.7423285911936635e-05	0.0	0.0	0.0	0.0	
0.024024024024024024	9.289370140184332e-05	0.0	0.0	0.0	0.0	
0.02702702702702703	0.00016836411689175003	0.0	0.0	0.0	0.0	
0.03003003003003003	0.00024383453238165662	0.0	0.0	0.0	0.0	
0.03303303303303303	0.0003395412046936181	0.0	0.0	0.0	0.0	
0.036036036036036036	0.00043747482370291445	0.0	0.0	0.0	0.0	
0.03903903903903904	0.0006899213988738196	0.0	0.0	0.0	0.0	
0.04204204204204204	0.0012495420789269403	0.0	0.0	0.0	0.0	
0.04504504504504504	0.001809162758980062	0.0	0.0	0.0	0.0	
0.04804804804804805	0.0023150264040360897	0.0	0.0	0.0	0.0	
0.05105105105105105	0.0028046944990825716	0.0	0.0	0.0	0.0	
0.05405405405405406	0.0032802121631053853	0.0	0.0	0.0	0.0	
0.057057057057057055	0.0036999276731452257	0.0	0.0	0.0	0.0	
0.06006006006006006	0.004119643183185067	0.0	0.0	0.0	0.0	
0.06306306306306306	0.0037117254289669097	0.0	0.0	0.0	0.0	
0.06606606606606606	0.0028303228578832424	0.0	0.0	0.0	0.0	
0.06906906906906907	0.002024223331284785	0.0	0.0	0.0	0.0	
0.07207207207207207	0.0022200905693033793	0.0	0.0	0.0	0.0	
0.07507507507507508	0.002415957807321973	0.0	0.0	0.0	0.0	
0.07807807807807808	0.002731626728337241	0.0	0.0	0.0	0.0	
0.08108108108108109	0.00316533275537841	0.0	0.0	0.0	0.0	
0.08408408408408408	0.003599038782419577	0.0	0.0	0.0	0.0	
0.08708708708708708	0.004465584492449972	0.0	0.0	0.0	0.0	
0.09009009009009009	0.005360977580534968	0.0	0.0	0.0	0.0	
0.09309309309309309	0.0068174342580314224	0.0	0.0	0.0	0.0	
0.0960960960960961	0.009223803182259847	0.0	0.0	0.0	0.0	
0.0990990990990991	0.01163017210648827	0.0	0.0	0.0	0.0	
0.1021021021021021	0.014599752502813399	0.0	0.0	0.0	0.0	
0.10510510510510511	0.017705647277108223	0.0	0.0	0.0	0.0	
0.10810810810810811	0.01973846837563616	0.0	0.0	0.0	0.00037331533783753636	
0.1111111111111111	0.01835340719250468	0.0	0.0	0.0	0.001347514866117051	
0.11411411411411411	0.016968346009373192	0.0	0.0	0.0	0.0023217143943965704	
0.11711711711711711	0.017926898934860727	4.875702398154451e-06	0.0	0.0	0.0032254024767863726	
0.12012012012012012	0.020025476485059944	1.629680584709314e-05	0.0	0.0	0.0028742520415928267	
0.12312312312312312	0.02328090246520326	2.7717909296031827e-05	0.0	0.0	0.002523101606399281	
0.12612612612612611	0.03623612120843301	3.7141439144096117e-05	0.0	0.0	0.0021719511712057367	
0.12912912912912913	0.04919133995166288	2.7948368883743644e-05	0.0	0.0	0.0018208007360121894	
0.13213213213213212	0.05389862022485124	1.8755298623391256e-05	0.0	0.0	0.001469650300818645	
0.13513513513513514	0.05159018491963203	9.56222836303878e-06	0.0	0.0	0.0011184998656250979	
0.13813813813813813	0.04928174961441284	3.6915810268638855e-07	0.0	0.0	0.0007673494304315538	
0.14114114114114115	0.04836349030938795	8.823912157666123e-06	0.0	0.0	0.00041619899523800616	
0.14414414414414414	0.047482087738304354	1.8016982418018553e-05	0.0	0.0	6.504856004446204e-05	
0.14714714714714713	0.04919205164494489	2.7210052678370985e-05	0.0	0.0	0.0	
0.15015015015015015	0.05466234379246411	3.64031229387235e-05	0.0	0.0	0.0	
0.15315315315315314	0.06013263593998328	3.8032274484965814e-05	0.0	0.0	0.0	
0.15615615615615616	0.0807011086033669	3.8032274484965835e-05	0.0	0.0	0.0	
0.15915915915915915	0.10410724354658871	3.8032274484965855e-05	9.661641656026279e-06	0.0	0.0	
0.16216216216216217	0.124220584139152	3.8032274484965875e-05	9.367912493251408e-05	0.0	0.0	
0.16516516516516516	0.13567881756323946	3.172834921441164e-05	0.00017769660820900112	0.0	0.0	
0.16816816816816815	0.14713705098732693	2.2535278954059183e-05	0.00026171409148548815	0.0	0.0	
0.17117117117117117	0.1639448202241781	1.3342208693706649e-05	0.0002469366092746619	0.0	0.0	
0.17417417417417416	0.18294394231198172	4.149138433354193e-06	0.0002050999293499447	0.0	0.0	
0.17717717717717718	0.20722857835132732	0.0	0.00016326324942522708	0.0	0.0	
0.18018018018018017	0.2631346842886337	0.0	0.00012142656950050985	0.0	0.0	
0.1831831831831832	0.3190407902259405	0.0	7.958988957579223e-05	0.0	0.0	
0.18618618618618618	0.3656631730486281	0.0	3.7753209651075e-05	0.0	0.0	
0.1891891891891892	0.40548018443440836	0.0	0.0	0.0	0.0	
0.1921921921921922	0.4456328797409014	0.0	0.0	0.0	0.0	
0.19519519519519518	0.516452876801623	0.0	0.0	0.0	0.0	
0.1981981981981982	0.5872728738623453	0.0	0.0	0.0	0.0	
0.2012012012012012	0.6593494479033721	2.523944939886269e-06	0.0	0.0	0.0	
0.2042042042042042	0.732995529398363	1.1717015200238784e-05	0.0	0.0	0.0	
0.2072072072072072	0.8066416108933533	2.0910085460591215e-05	0.0	0.0	0.0	
0.21021021021021022	0.8932289300546394	3.010315572094373e-05	0.0	0.0	0.0	
0.2132132132132132	0.9816070259520294	3.6768322988635435e-05	0.0	0.0	0.0	
0.21621621621621623	1.0890232781430937	2.7575252728282962e-05	0.0	0.0	0.0	
0.21921921921921922	1.2383720471322683	1.838218246793057e-05	0.0	0.0	0.0	
0.2222222222222222	1.3877208161214432	9.189112207578183e-06	0.0	0.0	0.0	
0.22522522522522523	1.4155533026500877	0.0	0.0	0.0	0.0	
0.22822822822822822	1.4020244727098055	0.0	0.0	0.0	0.0	
0.23123123123123124	1.3924464362119746	0.0	0.0	0.0	0.0	
0.23423423423423423	1.4008827179637735	0.0	0.0	0.0	0.0	
0.23723723723723725	1.4093189997155724	0.0	0.0	0.0	0.0	
0.24024024024024024	1.4108524388460661	0.0	0.0	0.0	0.0	
0.24324324324324323	1.4080403449288015	0.0	0.0	0.0	0.0	
0.24624624624624625	1.4125502136255126	0.0	0.0	0.0	0.0	
0.24924924924924924	1.5639415980968783	0.0	0.0	0.0	0.0	
0.25225225225225223	1.7153329825682437	0.0	0.0	0.0	0.0	
0.2552552552552553	1.7753574979024758	0.0	0.0	0.0	0.0	
0.25825825825825827	1.736911557182834	0.0	0.0	0.0	0.0	
0.26126126126126126	1.6984656164631922	0.0	0.0	0.0	0.0	
0.26426426426426425	1.8611244365985322	0.0	0.0	0.0	0.0	
0.26726726726726724	2.0424415369357387	0.0	0.0	0.0	0.0	
0.2702702702702703	2.2428887497181718	0.0	0.0	0.0	0.0	
0.2732732732732733	2.479034686183586	0.0	0.0	0.0	0.0	
0.27627627627627627	2.715180622649	0.0	0.0	0.0	0.0	
0.27927927927927926	2.652419740849892	0.0	0.0	0.0	0.0	
0.2822822822822823	2.5066805252470563	0.0	0.0	0.0	0.0	
0.2852852852852853	2.3663273186098706	0.0	0.0	0.0	0.0	
0.2882882882882883	2.2454632422354046	0.0	0.0	0.0	0.0	
0.2912912912912913	2.1245991658609387	0.0	0.0	0.0	0.0	
0.29429429429429427	2.0034257422682886	0.0	0.0	0.0	0.0	
0.2972972972972973	1.8820859883157628	0.0	0.0	0.0	0.0	
0.3003003003003003	1.7644377040039945	0.0	0.0	0.0	0.0	
0.3033033033033033	1.6869722113676415	0.0	0.0	0.0	0.0	
0.3063063063063063	1.6095067187312888	0.0	0.0	0.0	0.0	
0.30930930930930933	1.577975667625867	0.0	0.0	0.0	0.0	
0.3123123123123123	1.5891960622609318	0.0	0.0	0.0	0.0	
0.3153153153153153	1.6004164568959969	0.0	0.0	0.0	0.0	
0.3183183183183183	1.7221423454714175	0.0	0.0	0.0	0.0	
0.3213213213213213	1.8494700407005085	0.0	0.0	0.0	0.0	
0.32432432432432434	1.9925164301176403	0.0	0.0	0.0	0.0	
0.32732732732732733	2.160612491888591	8.310151025031524e-06	0.0	0.0	0.0	
0.3303303303303303	2.328708553659542	1.7503221285383977e-05	0.0	0.0	0.0	
0.3333333333333333	2.341922690666266	2.6696291545736426e-05	0.0	0.0	0.0	
0.3363363363363363	2.320992877232279	3.588936180608888e-05	0.0	0.0	0.0	
0.33933933933933935	2.2884486037121228	3.098211690349054e-05	0.0	0.0	0.0	
0.34234234234234234	2.221643885030782	2.1789046643138005e-05	0.0	0.0	0.0	
0.34534534534534533	2.154839166349441	1.2595976382785475e-05	0.0	0.0	0.0	
0.3483483483483483	2.174295596240397	3.402906122432938e-06	0.0	0.0	0.0	
0.35135135135135137	2.2330557676459755	0.0	0.0	0.0	0.0	
0.35435435435435436	2.2803614630945277	0.0	0.0	0.0	0.0	
0.35735735735735735	2.2442939102651107	0.0	0.0	0.0	0.0	
0.36036036036036034	2.2082263574356933	0.0	0.0	0.0	0.0	
0.36336336336336333	2.2111174739000137	0.0	0.0	0.0	0.0	
0.3663663663663664	2.245296306934253	0.0	0.0	0.0	0.0	
0.36936936936936937	2.279475139968491	0.0	0.0	0.0	0.0	
0.37237237237237236	2.410798073125674	0.0	0.0	0.0	0.0	
0.37537537537537535	2.543260288094247	0.0	0.0	0.0	0.0	
0.3783783783783784	2.5878378467103342	0.0	0.0	0.0	0.0	
0.3813813813813814	2.5121491497331503	0.0	0.0	0.0	0.0	
0.3843843843843844	2.4364604527559663	0.0	0.0	0.0	0.0	
0.38738738738738737	2.395323142015543	0.0	0.0	0.0	0.0	
0.39039039039039036	2.35999708658719	0.0	0.0	0.0	0.0	
0.3933933933933934	2.339082132508756	0.0	0.0	0.0	0.0	
0.3963963963963964	2.353478374503129	0.0	0.0	0.0	0.0	
0.3993993993993994	2.3678746164975024	7.501903636955794e-07	0.0	0.0	0.0	
0.4024024024024024	2.319430616478277	9.943260624048031e-06	0.0	0.0	0.0	
0.40540540540540543	2.246987719445392	1.9136330884400653e-05	0.0	0.0	0.0	
0.4084084084084084	2.2026279586085216	2.8329401144753102e-05	0.0	0.0	0.0	
0.4114114114114114	2.3085501628255756	3.7522471405105555e-05	0.0	0.0	0.0	
0.4144144144144144	2.414472367042629	2.9349007304473493e-05	0.0	0.0	0.0	
0.4174174174174174	2.5214451111817615	2.0155937044121125e-05	0.0	0.0	0.0	
0.42042042042042044	2.629144111057986	1.0962866783768588e-05	0.0	0.0	0.0	
0.42342342342342343	2.7323548281092718	1.7697965234162173e-06	0.0	0.0	0.0	
0.4264264264264264	2.660975210368504	0.0	0.0	0.0	0.0	
0.4294294294294294	2.589595592627736	0.0	0.0	0.0	0.0	
0.43243243243243246	2.5589691401702206	0.0	0.0	0.0	0.0	
0.43543543543543545	2.5764013243538684	0.0	0.0	0.0	0.0	
0.43843843843843844	2.5938335085375157	6.163280293380144e-06	0.0	0.0	0.0	
0.44144144144144143	2.6022361171561745	1.5356350553732594e-05	0.0	0.0	0.0	
0.4444444444444444	2.609553157547869	2.4549420814085047e-05	0.0	0.0	0.0	
0.44744744744744747	2.6026280509883803	3.374249107443767e-05	0.0	0.0	0.0	
0.45045045045045046	2.566322659369934	3.803227448496571e-05	0.0	0.0	0.0	
0.45345345345345345	2.530017267751488	3.803227448496571e-05	0.0	0.0	0.0	
0.45645645645645644	2.4312944593769594	3.803227448496571e-05	0.0	0.0	0.0	
0.45945945945945943	2.3128927139947217	3.803227448496571e-05	0.0	0.0	0.0	
0.4624624624624625	2.2101653779092323	3.8032274484965747e-05	0.0	0.0	0.0	
0.46546546546546547	2.1725168966586645	3.803227448496583e-05	0.0	0.0	0.0	
0.46846846846846846	2.1348684154080972	3.803227448496591e-05	0.0	0.0	0.0	
0.47147147147147145	2.1776710440262073	3.803227448496599e-05	0.0	0.0	0.0	
0.4744744744744745	2.2681477174737914	3.5648974522253775e-05	0.0	0.0	0.0	
0.4774774774774775	2.3584594682395754	2.6455904261901242e-05	0.0	0.0	0.0	
0.4804804804804805	2.4462639529399097	1.7262834001548708e-05	0.0	0.0	0.0	
0.48348348348348347	2.5340684376402436	8.069763741196174e-06	0.0	0.0	0.0	
0.48648648648648646	2.518458347424558	3.3699195574690206e-06	0.0	0.0	0.0	
0.4894894894894895	2.397566290016081	3.094913033852664e-05	0.0	0.0	0.0	
0.4924924924924925	2.2766742326076064	5.852834111958375e-05	0.0	0.0	0.0	
0.4954954954954955	2.2201673955829544	8.610755190064086e-05	0.0	0.0	0.0	
0.4984984984984985	2.168556378365056	0.00011368676268169797	0.0	0.0	0.0	
0.5015015015015015	2.134158234586444	0.00015937874013466184	0.0	0.0	0.0	
0.5045045045045045	2.12994708896905	0.0002053440914364235	0.0	0.0	0.0	
0.5075075075075075	2.1257359433516565	0.00025130944273818684	0.0	0.0	0.0	
0.5105105105105106	2.1824358129508106	0.0002972747940399502	0.0	0.0	0.0	
0.5135135135135135	2.2546548617116517	0.00046018599372766087	0.0	0.0	0.0	
0.5165165165165165	2.2943088725433065	0.0006440473989347127	0.0	0.0	0.0	
0.5195195195195195	2.225405576311781	0.0008279088041417577	0.0	0.0	0.0	
0.5225225225225225	2.1565022800802525	0.0010117702093488095	0.0	0.0	0.0	
0.5255255255255256	2.099481332975686	0.0012152408039023835	0.0	0.0	0.0	
0.5285285285285285	2.048457917471832	0.001426681419890484	0.0	0.0	0.0	
0.5315315315315315	2.007660351384792	0.0016381220358785923	0.0	0.0	0.0	
0.5345345345345345	2.0605864772008258	0.001849562651866693	0.0	0.0	0.0	
0.5375375375375375	2.1135126030168614	0.0024620098962564525	0.0	0.0	0.0	
0.5405405405405406	2.1392701424371676	0.003372123852031366	0.0	0.0	0.0	
0.5435435435435435	2.1411448717153334	0.004282237807806246	0.0	0.0	0.0	
0.5465465465465466	2.1430196009934996	0.00519235176358116	0.0	0.0	0.0	
0.5495495495495496	2.117513579689416	0.006516155904214146	0.0	0.0	0.0	
0.5525525525525525	2.091043521522916	0.008373156096805294	0.0	0.0	0.0	
0.5555555555555556	2.105265183541526	0.010230156289396511	0.0	0.0	0.0	
0.5585585585585585	2.180576136559674	0.01208715648198766	0.0	0.0	0.0	
0.5615615615615616	2.2558870895778247	0.014666337697540223	0.0	0.0	0.0	
0.5645645645645646	2.2418861596018336	0.018931922298343867	0.0	0.0	0.0	
0.5675675675675675	2.2100577334238003	0.023197506899147357	0.0	0.0	0.0	
0.5705705705705706	2.193598317104137	0.027463091499951003	0.0	0.0	0.0	
0.5735735735735735	2.219242934767583	0.03228833818106115	0.0	0.0	0.0	
0.5765765765765766	2.24488755243103	0.039992131059236574	0.0	0.0	0.0	
0.5795795795795796	2.298354564372506	0.04769592393741201	0.0	0.0	0.0	
0.5825825825825826	2.363676288251692	0.05539971681558715	0.0	0.0	0.0	
0.5855855855855856	2.4321188291580835	0.0632619172785736	0.0	0.0	0.0	
0.5885885885885885	2.5205528871234892	0.0771250672311847	0.0	0.0	0.0	
0.5915915915915916	2.608986945088898	0.09098821718379634	0.0	0.0	0.0	
0.5945945945945946	2.638123630551016	0.10485136713640797	0.0	0.0	0.0	
0.5975975975975976	2.622314346339515	0.11871451708901909	0.0	0.0	0.0	
0.6006006006006006	2.606324921630584	0.1379450325150735	0.0	0.0	0.0	
0.6036036036036035	2.5223818196226038	0.15784802962873645	0.0	0.0	0.0	
0.6066066066066066	2.4384387176146203	0.17775102674240015	0.0	0.0	0.0	
0.6096096096096096	2.3747131975911953	0.19765402385606384	0.0	0.0	0.0	
0.6126126126126126	2.337092697374638	0.2336561853377484	0.0	0.0	0.0	
0.6156156156156156	2.29947219715808	0.274979036158033	0.0	0.0	0.0	
0.6186186186186187	2.2328864625723592	0.31630188697831757	0.0	0.0	0.0	
0.6216216216216216	2.16198252240963	0.35762473779860066	0.0	0.0	0.0	
0.6246246246246246	2.0942691283372454	0.4331441280988792	0.0	0.0	0.0	
0.6276276276276276	2.033858075925501	0.5301126332050742	0.0	0.0	0.0	
0.6306306306306306	1.9734470235137538	0.6270811383112728	0.0	0.0	0.0	
0.6336336336336337	1.9300899927570783	0.7240496434174714	0.0	0.0	0.0	
0.6366366366366366	1.8927912744315496	0.8373252365630254	0.0	0.0	0.0	
0.6396396396396397	1.8322490130560658	0.9684459976864337	0.0	0.0	0.0	
0.6426426426426426	1.659564061708668	1.099566758809837	0.0	0.0	0.0	
0.6456456456456456	1.4868791103612637	1.2306875199332454	0.0	0.0	0.0	
0.6486486486486487	1.3482396428318544	1.3835334941002198	0.0	0.0	0.0	
0.6516516516516516	1.2317825793128108	1.5784725489709928	6.0165672669693426e-06	0.0	0.0	
0.6546546546546547	1.116711042733608	1.7734116038417729	2.6934907229328374e-05	0.0	0.0	
0.6576576576576576	1.0355100820579008	1.9683506587125459	4.785324719168663e-05	0.0	0.0	
0.6606606606606606	0.9543091213821909	2.1475220230904517	6.877158715404566e-05	0.0	0.0	
0.6636636636636637	0.8675217175456797	2.2649267233854107	8.96899271164047e-05	0.0	0.0	
0.6666666666666666	0.7745127605208482	2.382331423680365	0.00011060826707876296	0.0	0.0	
0.6696696696696697	0.6815038034960134	2.4997361239753237	0.000131526607041122	0.0	0.0	
0.6726726726726726	0.6128815758872957	2.614776397715962	0.0001273332723072233	0.0	0.0	
0.6756756756756757	0.5467623925390225	2.696521178471023	0.00010641493234486426	0.0	0.0	
0.6786786786786787	0.48409443313168043	2.778265959226084	8.549659238250523e-05	0.0	0.0	
0.6816816816816816	0.4281043840923643	2.8600107399811425	6.457825242014698e-05	0.0	0.0	
0.6846846846846847	0.37211433505304603	2.9417555207362036	4.365991245778794e-05	0.0	0.0	
0.6876876876876877	0.32793561332595783	2.982675109981596	2.2741572495428916e-05	0.0	0.0	
0.6906906906906907	0.2871952278180937	3.0204862079624184	1.8232325330706518e-06	0.0	0.0	
0.6936936936936937	0.24827073735928235	3.0582973059432423	0.0	0.0	0.0	
0.6966966966966966	0.21624644394324283	3.096108403924065	0.0	0.0	0.0	
0.6996996996996997	0.18422215052720212	3.178831473466347	0.0	0.0	0.0	
0.7027027027027027	0.15934010174552035	3.273336235742771	0.0	0.0	0.0	
0.7057057057057057	0.13843826934553585	3.367840998019192	0.0	0.0	0.0	
0.7087087087087087	0.11801674783909562	3.462345760295616	0.0	0.0	0.0	
0.7117117117117117	0.10343862912371285	3.542137224494551	0.0	0.0	0.0	
0.7147147147147147	0.08886051040832954	3.614183316124942	0.0	0.0	0.0	
0.7177177177177178	0.07622938153598245	3.6862294077553326	0.0	0.0	0.0	
0.7207207207207207	0.06547067396196102	3.758275499385721	0.0	0.0	0.0	
0.7237237237237237	0.054711966387939175	3.761129929890243	0.0	0.0	0.0	
0.7267267267267267	0.04562978925987514	3.6996190967782177	0.0	0.0	0.0	
0.7297297297297297	0.03664787734502274	3.63810826366619	0.0	0.0	0.0	
0.7327327327327328	0.02952970176777793	3.5765974305541626	0.0	0.0	0.0	
0.7357357357357357	0.025486442354394172	3.5329991415085282	0.0	0.0	0.0	
0.7387387387387387	0.021443182941010268	3.5185016697079523	0.0	0.0	0.0	
0.7417417417417418	0.018148951095627672	3.5040041979073764	0.0	0.0	0.0	
0.7447447447447447	0.015029065804331486	3.489506726106801	0.0	0.0	0.0	
0.7477477477477478	0.012289642087372916	3.4612640218998623	0.0	0.0	0.0	
0.7507507507507507	0.010722704183224288	3.390422222473595	0.0	0.0	0.0	
0.7537537537537538	0.009155766279075602	3.3195804230473254	0.0	0.0	0.0	
0.7567567567567568	0.007512854151267375	3.2487386236210556	0.0	0.0	0.0	
0.7597597597597597	0.005833992111108006	3.1850486348973326	0.0	0.0	0.0	
0.7627627627627628	0.004260685700852655	3.181114000825895	0.0	0.0	0.0	
0.7657657657657657	0.0035191882997823126	3.1771793667544572	0.0	0.0	0.0	
0.7687687687687688	0.002777690898711943	3.1732447326830195	0.0	0.0	0.0	
0.7717717717717718	0.0020438381510109443	3.169310098611582	0.0	0.0	0.0	
0.7747747747747747	0.0013163312669418948	3.1033308413014096	0.0	0.0	0.0	
0.7777777777777778	0.0005888243828728187	3.035421631288185	0.0	0.0	0.0	
0.7807807807807807	0.00042358533142110473	2.9675124212749635	0.0	0.0	0.0	
0.7837837837837838	0.0002696896444064914	2.899603211261739	0.0	0.0	0.0	
0.7867867867867868	0.00016792671642400987	2.8590556335755264	0.0	0.0	0.0	
0.7897897897897898	0.00013994568242135555	2.824002456672809	0.0	0.0	0.0	
0.7927927927927928	0.00011196464841870018	2.7889492797700908	0.0	0.0	0.0	
0.7957957957957957	8.028412253630816e-05	2.753896102867374	0.0	0.0	0.0	
0.7987987987987988	4.793965875491896e-05	2.7234990330360205	0.0	0.0	0.0	
0.8018018018018018	1.5595194973529755e-05	2.695138411282827	0.0	0.0	0.0	
0.8048048048048048	0.0	2.6667777895296343	0.0	0.0	0.0	
0.8078078078078078	0.0	2.6384171677764403	0.0	0.0	0.0	
0.8108108108108109	0.0	2.6269172396295386	0.0	0.0	0.0	
0.8138138138138138	0.0	2.628737467541088	0.0	0.0	0.0	
0.8168168168168168	0.0	2.630557695452638	0.0	0.0	0.0	
0.8198198198198198	0.0	2.6323779233641877	0.0	0.0	0.0	
0.8228228228228228	0.0	2.635504283940735	0.0	0.0	0.0	
0.8258258258258259	0.0	2.640422576530029	0.0	0.0	0.0	
0.8288288288288288	0.0	2.645340869119323	0.0	0.0	0.0	
0.8318318318318318	0.0	2.6502591617086178	0.0	0.0	0.0	
0.8348348348348348	0.0	2.642606058194269	0.0	0.0	0.0	
0.8378378378378378	0.0	2.6033424551122977	0.0	0.0	0.0	
0.8408408408408409	0.0	2.5640788520303257	0.0	0.0	0.0	
0.8438438438438438	0.0	2.5248152489483555	0.0	0.0	0.0	
0.8468468468468469	0.0	2.488996676995588	0.0	0.0	0.0	
0.8498498498498498	0.0	2.473092665445184	0.0	0.0	0.0	
0.8528528528528528	0.0	2.4571886538947796	0.0	0.0	0.0	
0.8558558558558559	0.0	2.441284642344375	0.0	0.0	0.0	
0.8588588588588588	0.0	2.425013872885838	0.0	0.0	0.0	
0.8618618618618619	0.0	2.373909595308533	0.0	0.0	0.0	
0.8648648648648649	0.0	2.3228053177312273	0.0	0.0	0.0	
0.8678678678678678	0.0	2.271701040153924	0.0	0.0	0.0	
0.8708708708708709	0.0	2.2205967625766183	0.0	0.0	0.0	
0.8738738738738738	0.0	2.2229646997300714	1.5193518272643496e-05	0.0	0.0	
0.8768768768768769	0.0	2.2330862700867193	3.611185823500253e-05	0.0	0.0	
0.8798798798798799	0.0	2.2432078404433677	5.703019819736156e-05	0.0	0.0	
0.8828828828828829	0.0	2.2533294108000157	7.794853815971982e-05	0.0	0.0	
0.8858858858858859	0.0	2.2418718311613843	9.886687812207885e-05	0.0	0.0	
0.8888888888888888	0.0	2.222685893528034	0.00011978521808443711	0.0	0.0	
0.8918918918918919	0.0	2.203499955894683	0.0001415180064382405	0.0	0.0	
0.8948948948948949	0.0	2.1843140182613316	0.00018335468636295822	0.0	0.0	
0.8978978978978979	0.0	2.1603739222075538	0.00022519136628767442	0.0	0.0	
0.9009009009009009	0.0	2.133254364939509	0.00026702804621239214	0.0	0.0	
0.9039039039039038	0.0	2.106134807671465	0.0003088647261371083	0.0	0.0	
0.9069069069069069	0.0	2.0790152504034203	0.000350701406061826	0.0	0.0	
0.9099099099099099	0.0	2.057232287344837	0.0003925380859865438	0.0	0.0	
0.9129129129129129	0.0	2.0416592263238007	0.0004784970767468809	0.0	0.0	
0.9159159159159159	0.0	2.0260861653027633	0.0006458437964457526	0.0	0.0	
0.9189189189189189	0.0	2.0105131042817264	0.000813190516144618	0.0	0.0	
0.9219219219219219	0.0	1.9838692047146045	0.0009805372358434898	0.0	0.0	
0.924924924924925	0.0	1.9342450114492253	0.0011478839555423615	0.0	0.0	
0.9279279279279279	0.0	1.8846208181838482	0.001315230675241227	0.0	0.0	
0.9309309309309309	0.0	1.834996624918469	0.0014825773949400988	0.0	0.0	
0.933933933933934	0.0	1.7879986214156491	0.002108392736913138	0.0	0.0	
0.9369369369369369	0.0	1.7523387018757388	0.0029660446753698266	0.0	0.0	
0.93993993993994	0.0	1.716678782335827	0.0038236966138265474	0.0	0.0	
0.9429429429429429	0.0	1.6810188627959166	0.004681348552283236	0.0	0.0	
0.9459459459459459	0.0	1.6456674797253559	0.005539000490739956	0.0	0.0	
0.948948948948949	0.0	1.6160566004167602	0.0063966524291966765	0.0	0.0	
0.9519519519519519	0.0	1.586445721108166	0.007254304367653365	0.0	0.0	
0.954954954954955	0.0	1.5568348417995703	0.010849878963189577	0.0	0.0	
0.9579579579579579	0.0	1.527223962490976	0.014510588456602247	0.0	0.0	
0.960960960960961	0.0	1.5199203327177957	0.01817129795001505	0.0	0.0	
0.963963963963964	0.0	1.5147170549504396	0.021832007443427854	0.0	0.0	
0.9669669669669669	0.0	1.5095137771830835	0.025492716936840524	0.0	0.0	
0.96996996996997	0.0	1.5043104994157273	0.029153426430253326	0.0	0.0	
0.9729729729729729	0.0	1.4666040534538087	0.03413978426073107	0.0	0.0	
0.975975975975976	0.0	1.419563112931581	0.042381610205900436	0.0	0.0	
0.978978978978979	0.0	1.3725221724093535	0.0506234361510698	0.0	0.0	
0.9819819819819819	0.0	1.3254812318871276	0.058865262096238866	0.0	0.0	
0.984984984984985	0.0	1.3314899622326382	0.06710708804140825	0.0	0.0	
0.9879879879879879	0.0	1.3673613223885386	0.07534891398657731	0.0	0.0	
0.990990990990991	0.0	1.4032326825444406	0.08359073993174668	0.0	0.0	
0.993993993993994	0.0	1.4391040427003425	0.0969199192462081	0.0	0.0	
0.996996996996997	0.0	1.4324668974085435	0.11361275453617015	0.0	0.0	
1.0	0.0	1.3837895903799697	0.13030558982613277	0.0	0.0	
1.003003003003003	0.0	1.3351122833513958	0.14699842511609543	0.0	0.0	
1.006006006006006	0.0	1.286434976322822	0.16369126040605808	0.0	0.0	
1.009009009009009	0.0	1.2506240565047537	0.1803840956960195	0.0	0.0	
1.012012012012012	0.0	1.2371286293625563	0.19707693098598214	0.0	0.0	
1.015015015015015	0.0	1.2236332022203589	0.24977568009593046	0.0	0.0	
1.018018018018018	0.0	1.2101377750781612	0.30583683119505234	0.0	0.0	
1.021021021021021	0.0	1.1977227810802633	0.36189798229417425	0.0	0.0	
1.024024024024024	0.0	1.1889525920518877	0.41795913339329194	0.0	0.0	
1.027027027027027	0.0	1.1801824030235113	0.47402028449241385	0.0	0.0	
1.03003003003003	0.0	1.171412213995135	0.5300814355915358	0.0	0.0	
1.033033033033033	0.0	1.1584412043249284	0.5942886442763748	0.0	0.0	
1.0360360360360361	0.0	1.1038067877676532	0.6862038300709795	0.0	0.0	
1.039039039039039	0.0	1.0491723712103822	0.7781190158655773	0.0	0.0	
1.042042042042042	0.0	0.9945379546531069	0.8700342016601819	0.0	0.0	
1.045045045045045	0.0	0.9399035380958318	0.9619493874547864	0.0	0.0	
1.048048048048048	0.0	0.889349539961003	1.053864573249391	0.0	0.0	
1.0510510510510511	0.0	0.8389899010747918	1.1457797590439955	0.0	0.0	
1.054054054054054	0.0	0.7886302621885842	1.2470785379339897	0.0	0.0	
1.057057057057057	0.0	0.738270623302373	1.3563768642373177	0.0	0.0	
1.06006006006006	0.0	0.7190911340591284	1.4656751905406455	0.0	0.0	
1.063063063063063	0.0	0.7068735436831227	1.5749735168439734	0.0	0.0	
1.0660660660660661	0.0	0.6946559533071172	1.6842718431473014	0.0	0.0	
1.069069069069069	0.0	0.6824383629311125	1.7935701694506212	0.0	0.0	
1.072072072072072	0.0	0.6460322757408998	1.9028684957539492	0.0	0.0	
1.075075075075075	0.0	0.5982650826681043	2.0263069630206187	0.0	0.0	
1.078078078078078	0.0	0.5504978895953087	2.152193532914092	0.0	0.0	
1.0810810810810811	0.0	0.5027306965225131	2.2780801028075657	0.0	0.0	
1.084084084084084	0.0	0.46569300628313565	2.4039666727010296	0.0	0.0	
1.087087087087087	0.0	0.43767252812958113	2.5298532425945033	0.0	0.0	
1.09009009009009	0.0	0.40965204997602656	2.655739812487977	0.0	0.0	
1.093093093093093	0.0	0.38163157182247204	2.778761115049204	0.0	0.0	
1.0960960960960962	0.0	0.3554599778745713	2.8872854627739217	0.0	0.0	
1.0990990990990992	0.0	0.33199006949989124	2.9958098104986393	0.0	0.0	
1.102102102102102	0.0	0.30852016112521297	3.104334158223349	0.0	0.0	
1.105105105105105	0.0	0.2850502527505329	3.2128585059480663	0.0	0.0	
1.1081081081081081	0.0	0.26244663853319194	3.321382853672784	0.0	0.0	
1.1111111111111112	0.0	0.24219430474963607	3.4299072013975014	0.0	0.0	
1.1141141141141142	0.0	0.2219419709660802	3.501673190740223	0.0	0.0	
1.117117117117117	0.0	0.20168963718252586	3.533238965743426	0.0	0.0	
1.12012012012012	0.0	0.18263663939387517	3.5648047407466317	0.0	0.0	
1.1231231231231231	0.0	0.1714578659572855	3.596370515749837	0.0	0.0	
1.1261261261261262	0.0	0.1602790925206958	3.6279362907530426	0.0	0.0	
1.1291291291291292	0.0	0.14910031908410615	3.6595020657562483	0.0	0.0	
1.132132132132132	0.0	0.1379215456475173	3.6910678407594513	0.0	0.0	
1.135135135135135	0.0	0.1272733683640784	3.6622470801585045	0.0	0.0	
1.1381381381381381	0.0	0.11662779300259017	3.617398159279201	0.0	0.0	
1.1411411411411412	0.0	0.10598221764110193	3.572549238399897	0.0	0.0	
1.1441441441441442	0.0	0.09533664227961369	3.527700317520593	0.0	0.0	
1.147147147147147	0.0	0.08773591833022096	3.482851396641293	0.0	0.0	
1.15015015015015	0.0	0.0806388680892288	3.438002475761989	0.0	0.0	
1.1531531531531531	0.0	0.07354181784823663	3.3924047982229024	0.0	0.0	
1.1561561561561562	0.0	0.06644476760724448	3.340276295036704	0.0	0.0	
1.1591591591591592	0.0	0.061554915508687025	3.2881477918505064	0.0	0.0	
1.162162162162162	0.0	0.05751915766439256	3.2360192886643118	0.0	0.0	
1.165165165165165	0.0	0.053483399820097796	3.1838907854781135	0.0	0.0	
1.1681681681681682	0.0	0.049447641975803036	3.1317622822919153	0.0	0.0	
1.1711711711711712	0.0	0.04664657684897978	3.0796337791057176	0.0	0.0	
1.1741741741741742	0.0	0.0447252251645661	3.0448348700579255	0.0	0.0	
1.177177177177177	0.0	0.042803873480152556	3.0344175367566764	0.0	0.0	
1.1801801801801801	0.0	0.040882521795738876	3.0240002034554267	0.0	0.0	
1.1831831831831832	0.0	0.0390145771762422	3.013582870154177	0.0	0.0	
1.1861861861861862	0.0	0.03721273540521325	3.0031655368529275	0.0	0.0	
1.1891891891891893	0.0	0.03541089363418429	2.992748203551678	0.0	0.0	
1.192192192192192	0.0	0.033609051863155465	2.9823308702504288	0.0	0.0	
1.1951951951951951	0.0	0.03170182512631285	2.962425159879069	0.0	0.0	
1.1981981981981982	0.0	0.02955983975565053	2.93897570078126	0.0	0.0	
1.2012012012012012	0.0	0.027417854384988206	2.9155262416834504	0.0	0.0	
1.2042042042042043	0.0	0.025275869014325887	2.892076782585641	0.0	0.0	
1.207207207207207	0.0	0.023157707376799702	2.8686273234878334	0.0	0.0	
1.2102102102102101	0.0	0.02115361806004285	2.845177864390024	0.0	0.0	
1.2132132132132132	0.0	0.019149528743285998	2.8219947901640903	0.0	0.0	
1.2162162162162162	0.0	0.017145439426529144	2.805092771474504	0.0	0.0	
1.2192192192192193	0.0	0.015160388924838399	2.788190752784918	0.0	0.0	
1.2222222222222223	0.0	0.013689497683181992	2.7712887340953323	0.0	0.0	
1.2252252252252251	0.0	0.012218606441525694	2.7543867154057478	0.0	0.0	
1.2282282282282282	0.0	0.010747715199869287	2.737484696716162	0.0	0.0	
1.2312312312312312	0.0	0.00927682395821288	2.7205826780265756	5.2291181243171314e-05	0.0	
1.2342342342342343	0.0	0.008342919312739564	2.687547547205719	0.00032763476454834254	0.0	
1.2372372372372373	0.0	0.007469577638006073	2.6249807923783073	0.0006029783478535138	0.0	
1.2402402402402402	0.0	0.006596235963272646	2.5624140375509006	0.0008783219311586647	0.0	
1.2432432432432432	0.0	0.005722894288539155	2.4998472827234894	0.0007415449026788536	0.0	
1.2462462462462462	0.0	0.004856553952611085	2.437280527896078	0.0005376296962744745	0.0	
1.2492492492492493	0.0	0.003992405348137955	2.3747137730686667	0.00033371448987009537	0.0	
1.2522522522522523	0.0	0.0031282567436648244	2.312147018241255	0.00012979928346571617	0.0	
1.2552552552552552	0.0	0.0022641081391917583	2.2760743817108984	0.00022234776881593647	9.723529473561912e-05	
1.2582582582582582	0.0	0.0018305604368579744	2.253294309491886	0.0008340933880290538	0.00044838572992917064	
1.2612612612612613	0.0	0.0016558921019112648	2.230514237272873	0.001445839007242171	0.0007995361651227222	
1.2642642642642643	0.0	0.001481223766964555	2.2077341650538598	0.0020575846264552886	0.0011506866003162738	
1.2672672672672673	0.0	0.0013065554320178452	2.184954092834847	0.002669330245668406	0.0015018370355098253	
1.2702702702702702	0.0	0.0011139616893979438	2.162174020615836	0.002397086752110045	0.0018529874707033508	
1.2732732732732732	0.0	0.0009025210734098354	2.1393939483968234	0.00198925633930129	0.0022041379058969023	
1.2762762762762763	0.0	0.0006910804574217269	2.1150377724084457	0.001581425926492535	0.002555288341090454	
1.2792792792792793	0.0	0.00047963984143361844	2.090646988012335	0.0011735955136837801	0.0029064387762840053	
1.2822822822822824	0.0	0.00032618367799095636	2.066256203616225	0.0009924586481718212	0.0032305796468640397	
1.2852852852852852	0.0	0.00028021832668919706	2.0418654192201164	0.0011963738545761819	0.0028794292116705138	
1.2882882882882882	0.0	0.00023425297538743435	2.017474634824006	0.0014002890609805577	0.0025282787764769627	
1.2912912912912913	0.0	0.00018828762408567166	1.9930838504278956	0.0016042042673849333	0.0021771283412834108	
1.2942942942942943	0.0	0.00014428363781509974	1.9648199467188447	0.0018081194737893092	0.0018259779060898593	
1.2972972972972974	0.0	0.00010751135677368958	1.9271250981066772	0.002012034680193682	0.0014748274708963078	
1.3003003003003002	0.0	7.073907573228214e-05	1.8894302494945123	0.0022159498865980394	0.0011236770357027823	
1.3033033033033032	0.0	3.396679469087199e-05	1.8517354008823446	0.002419865093002412	0.0007725266005092308	
1.3063063063063063	0.0	0.0	1.814040552270177	0.0026237802994067846	0.00042137616531567933	
1.3093093093093093	0.0	0.0	1.7763457036580093	0.003289774157366376	7.022573012212784e-05	
1.3123123123123124	0.0	0.0	1.7386508550458415	0.00471718060219703	0.00028092470507142377	
1.3153153153153152	0.0	0.0	1.710743543682937	0.00614458704702758	0.0006320751402649493	
1.3183183183183182	0.0	0.0	1.6892604085415917	0.007571993491858234	0.0009832255754585008	
1.3213213213213213	0.0	0.0	1.667777273400246	0.008999399936688888	0.0013343760106520523	
1.3243243243243243	0.0	0.0	1.6462941382589005	0.008270466283021064	0.001685526445845604	
1.3273273273273274	0.0	0.0	1.6248110031175549	0.007250890250999202	0.0020366768810391555	
1.3303303303303302	0.0	0.0	1.6033278679762109	0.006231314218977414	0.002387827316232681	
1.3333333333333333	0.0	0.0	1.5818447328348653	0.005211738186955552	0.0027389777514262325	
1.3363363363363363	0.0	0.0	1.569907436194115	0.005290625974806311	0.003090128186619784	
1.3393393393393394	0.0	0.0	1.5588416343540297	0.0071258628324457705	0.003046890236528261	
1.3423423423423424	0.0	0.0	1.5477758325139443	0.008961099690085229	0.0026957398013347095	
1.3453453453453452	0.0	6.114461517319058e-06	1.53671003067386	0.010796336547724553	0.0023445893661411836	
1.3483483483483483	0.0	1.5307531777671598e-05	1.5256442288337746	0.012631573405364013	0.0019934389309476325	
1.3513513513513513	0.0	2.4500602038024135e-05	1.5145784269936893	0.013198805055757368	0.0016422884957540808	
1.3543543543543544	0.0	3.3693672298376675e-05	1.502406301353115	0.01360663546856608	0.001291138060560529	
1.3573573573573574	0.0	3.200127716961423e-05	1.4865083629817197	0.014014465881374791	0.0009399876253669776	
1.3603603603603605	0.0	2.0580173720675428e-05	1.4706104246103244	0.014422296294183503	0.0005888371901734261	
1.3633633633633633	0.0	9.159070271737466e-06	1.4547124862389302	0.01546940906096369	0.00023768675497990062	
1.3663663663663663	0.0	0.0	1.4388145478675347	0.017508561125007416	0.0	
1.3693693693693694	0.0	0.0	1.4229166094961394	0.01954771318905114	0.0	
1.3723723723723724	0.0	0.0	1.407018671124744	0.021586865253094868	0.0	
1.3753753753753755	0.0	0.0	1.390169134502719	0.023626017317138592	0.0	
1.3783783783783783	0.0	0.0	1.3725140555744892	0.02347406305483724	0.0	
1.3813813813813813	0.0	0.0	1.3548589766462584	0.02306623264202848	0.0	
1.3843843843843844	0.0	0.0	1.3372038977180276	0.022658402229219724	0.0	
1.3873873873873874	0.0	0.0	1.3195488187897968	0.022250571816410963	0.0	
1.3903903903903905	0.0	0.0	1.301893739861566	0.025422532434831294	0.0	
1.3933933933933933	0.0	0.0	1.2842386609333365	0.0339869711038143	0.0	
1.3963963963963963	0.0	0.0	1.272819451423792	0.04255140977279795	0.0	
1.3993993993993994	0.0	0.0	1.2624648731424264	0.05111584844178159	0.0	
1.4024024024024024	0.0	0.0	1.2521102948610607	0.059680287110765236	0.0	
1.4054054054054055	0.0	0.0	1.2417557165796953	0.08075949927460342	0.0	
1.4084084084084083	0.0	0.0	1.2314011382983305	0.10319017197908348	0.0	
1.4114114114114114	0.0	0.0	1.2210465600169649	0.12562084468356519	0.0	
1.4144144144144144	0.0	0.0	1.211278091870454	0.1480515173880469	0.0	
1.4174174174174174	0.0	0.0	1.2044377947027605	0.17056499757242902	0.0	
1.4204204204204205	0.0	0.0	1.1975974975350672	0.1931995854833153	0.0	
1.4234234234234233	0.0	0.0	1.1907572003673743	0.21583417339419997	0.0002971530905494037	
1.4264264264264264	0.0	0.0	1.1839169031996808	0.23846876130508626	0.0006483035257429552	
1.4294294294294294	0.0	0.0	1.1770766060319875	0.26110334921597256	0.0009994539609365068	
1.4324324324324325	0.0	0.0	1.170236308864294	0.3078515564639339	0.0013506043961300583	
1.4354354354354355	0.0	0.0	1.1516130871580532	0.3569951212073883	0.0017017548313236098	
1.4384384384384383	0.0	0.0	1.1201937405345925	0.40613868595083913	0.0020529052665171355	
1.4414414414414414	0.0	0.0	1.0887743939111296	0.4552822506942935	0.002404055701710687	
1.4444444444444444	0.0	0.0	1.0573550472876667	0.5198446767468377	0.0027552061369042384	
1.4474474474474475	0.0	0.0	1.0259357006642038	0.6063047242622944	0.00310635657209779	
1.4504504504504505	0.0	0.0	0.9945163540407409	0.6927647717777512	0.0032440844291707982	
1.4534534534534533	0.0	0.0	0.9630970074172802	0.7792248192932015	0.0032440844291707982	
1.4564564564564564	0.0	0.0	0.9391826436009763	0.8656848668086583	0.0032440844291707982	
1.4594594594594594	0.0	0.0	0.9172393049804632	0.9487800308219396	0.0032440844291707982	
1.4624624624624625	0.0	0.0	0.8952959663599502	1.0315696046221148	0.0032440844291707982	
1.4654654654654655	0.0	0.0	0.8733526277394372	1.1143591784222902	0.0032440844291707982	
1.4684684684684683	0.0	0.0	0.8514092891189258	1.1971487522224593	0.0032440844291707982	
1.4714714714714714	0.0	0.0	0.8294659504984128	1.293308253849091	0.0032440844291707982	
1.4744744744744744	0.0	0.0	0.8067173465190505	1.407908599848352	0.0032440844291707982	
1.4774774774774775	0.0	0.0	0.7770760587923863	1.522508945847613	0.0032440844291707982	
1.4804804804804805	0.0	0.0	0.7474347710657222	1.6371092918468744	0.0032440844291707982	
1.4834834834834836	0.0	0.0	0.7177934833390581	1.7517096378461354	0.0032440844291707982	
1.4864864864864864	0.0	0.0	0.6881521956123963	1.8395590915912634	0.0032440844291707982	
1.4894894894894894	0.0	0.0	0.6585109078857321	1.9252034782810998	0.0032440844291707982	
1.4924924924924925	0.0	0.0	0.628869620159068	2.0108478649709363	0.0032440844291707982	
1.4954954954954955	0.0	0.0	0.6037317178735392	2.0964922516607727	0.0032440844291707982	
1.4984984984984986	0.0	0.0	0.5848842935674539	2.160522630272088	0.0032440844291707982	
1.5015015015015014	0.0	0.0	0.56603686926137	2.195596045773647	0.0032440844291707982	
1.5045045045045045	0.0	0.0	0.5471894449552848	2.230669461275209	0.0032440844291707982	
1.5075075075075075	0.0	0.0	0.5283420206491994	2.2657428767767707	0.0032440844291707982	
1.5105105105105106	0.0	0.0	0.5094945963431142	2.300816292278332	0.0032440844291707982	
1.5135135135135136	0.0	0.0	0.4906471720370289	2.3079839395543447	0.0032440844291707982	
1.5165165165165164	0.0	0.0	0.4746393653227288	2.3130818197144456	0.0032440844291707982	
1.5195195195195195	0.0	0.0	0.4596827522496429	2.3181796998745465	0.0032440844291707982	
1.5225225225225225	0.0	0.0	0.444726139176557	2.3232775800346475	0.0032440844291707982	
1.5255255255255256	0.0	0.0	0.4297695261034711	2.318186247305819	0.0032440844291707982	
1.5285285285285286	0.0	0.0	0.4148129130303852	2.2998338787294252	0.0032440844291707982	
1.5315315315315314	0.0	0.0	0.3998562999573004	2.281481510153033	0.0032440844291707982	
1.5345345345345345	0.0	0.0	0.38521126655331084	2.2631291415766395	0.0029307029531433627	
1.5375375375375375	0.0	0.0	0.37759699080701153	2.2447767730002464	0.0025795525179498112	
1.5405405405405406	0.0	0.0	0.36998271506071223	2.241727104489753	0.0022284020827562597	
1.5435435435435436	0.0	0.0	0.36236843931441287	2.2396879524257094	0.0018772516475627082	
1.5465465465465464	0.0	0.0	0.3547541635681141	2.2376488003616655	0.0015261012123691825	
1.5495495495495495	0.0	0.0	0.3471398878218148	2.235609648297622	0.0011749507771756308	
1.5525525525525525	0.0	0.0	0.33952561207551546	2.240684481312347	0.0008238003419820793	
1.5555555555555556	0.0	0.0	0.3306190450375938	2.254754630554249	0.00047264990678852785	
1.5585585585585586	0.0	0.0	0.3193649781378452	2.2688247797961507	0.00012149947159497635	
1.5615615615615615	0.0	0.0	0.3081109112380974	2.282894929038051	0.00022965096359854717	
1.5645645645645645	0.0	0.0	0.29685684433834886	2.296965078279953	0.0005808013987920958	
1.5675675675675675	0.0	0.0	0.28560277743860024	2.26612859145125	0.0009319518339856445	
1.5705705705705706	0.0	0.0	0.2743487105388516	2.2326864976009393	0.0012831022691791932	
1.5735735735735736	0.0	0.0	0.263094643639103	2.199244403750629	0.0016342527043727419	
1.5765765765765765	0.0	0.0	0.2532930648181902	2.165802309900321	0.0019854031395662645	
1.5795795795795795	0.0	0.0	0.24421450527452593	2.144163591805201	0.002336553574759813	
1.5825825825825826	0.0	0.0	0.23513594573086166	2.13702655958104	0.002687704009953362	
1.5855855855855856	0.0	0.0	0.22605738618719742	2.129889527356879	0.0030388544451469103	
1.5885885885885886	0.0	0.0	0.21697882664353316	2.1227524951327177	0.0033900048803404605	
1.5915915915915915	0.0	0.0	0.20790026709986958	2.1156154629085573	0.003741155315533986	
1.5945945945945945	0.0	0.0	0.19882170755620532	2.1397415614573068	0.0040923057507275375	
1.5975975975975976	0.0	0.0	0.19242936872324537	2.1654348774642576	0.004443456185921089	
1.6006006006006006	0.0	0.0	0.18609111171465065	2.1911281934712084	0.0047946066211146405	
1.6036036036036037	0.0	0.0	0.17975285470605595	2.216821509478159	0.005145757056308192	
1.6066066066066067	0.0	0.0	0.17341459769746123	2.2393546060756866	0.005496907491501744	
1.6096096096096095	0.0	0.0	0.16707634068886698	2.258114805064888	0.005848057926695269	
1.6126126126126126	0.0	0.0	0.16073808368027226	2.276875004054091	0.006199208361888821	
1.6156156156156156	0.0	0.0	0.15466938966767557	2.2956352030432936	0.0064881688583415965	
1.6186186186186187	0.0	0.0	0.14925153961742482	2.314395402032497	0.0064881688583415965	
1.6216216216216217	0.0	0.0	0.1438336895671741	2.3222003473806407	0.0064881688583415965	
1.6246246246246245	0.0	0.0	0.13841583951692377	2.3295412948111975	0.0064881688583415965	
1.6276276276276276	0.0	0.0	0.13299798946667304	2.3368822422417552	0.0064881688583415965	
1.6306306306306306	0.0	0.0	0.12758013941642232	2.3442231896723125	0.0064881688583415965	
1.6336336336336337	0.0	0.0	0.12216228936617157	2.326454741913646	0.0064881688583415965	
1.6366366366366367	0.0	0.0	0.11728906449368115	2.2795542444406385	0.0064881688583415965	
1.6396396396396395	0.0	0.0	0.11277070306181172	2.232653746967635	0.0064881688583415965	
1.6426426426426426	0.0	0.0	0.10825234162994198	2.1857532494946277	0.0064881688583415965	
1.6456456456456456	0.0	0.0	0.10373398019807223	2.1388527520216205	0.006158558996836155	
1.6486486486486487	0.0	0.0	0.09921561876620247	2.1806374095078107	0.005807408561642604	
1.6516516516516517	0.0	0.0	0.09469725733433272	2.2254987549167726	0.005456258126449052	
1.6546546546546546	0.0	0.0	0.09017889590246331	2.2703601003257314	0.005105107691255526	
1.6576576576576576	0.0	0.0	0.08537245989225062	2.3152214457346934	0.004753957256061975	
1.6606606606606606	0.0	0.0	0.08054032336094574	2.313118831625679	0.004402806820868424	
1.6636636636636637	0.0	0.0	0.07570818682964087	2.258061725896505	0.004051656385674872	
1.6666666666666667	0.0	0.0	0.07087605029833598	2.20300462016733	0.00370050595048132	
1.6696696696696696	0.0	0.0	0.06604391376703145	2.1479475144381595	0.0033493555152877947	
1.6726726726726726	0.0	0.0	0.06121177723572657	2.0928904087089846	0.0032440844291707982	
1.6756756756756757	0.0	0.0	0.05708422239764	2.0660240965039005	0.0032440844291707982	
1.6786786786786787	0.0	0.0	0.05530616350083958	2.0399229500841325	0.0032440844291707982	
1.6816816816816818	0.0	0.0	0.05352810460403915	2.013821803664364	0.0032440844291707982	
1.6846846846846846	0.0	0.0	0.05175004570723886	1.9877206572445978	0.0032440844291707982	
1.6876876876876876	0.0	0.0	0.049971986810438435	1.984872635377411	0.0032440844291707982	
1.6906906906906907	0.0	0.0	0.04819392791363801	2.0075072232882962	0.0032440844291707982	
1.6936936936936937	0.0	0.0	0.046415869016837585	2.0301418111991816	0.0032440844291707982	
1.6966966966966968	0.0	0.0	0.044569619087500054	2.052776399110067	0.0032440844291707982	
1.6996996996996996	0.0	0.0	0.04266605015092545	2.0754109870209505	0.0056763169788858255	
1.7027027027027026	0.0	0.0	0.0407624812143507	2.0082566617361803	0.010943573506789098	
1.7057057057057057	0.0	0.0	0.03885891227777595	1.9393333219715003	0.016210830034692373	
1.7087087087087087	0.0	0.0	0.03695534334120121	1.87040998220682	0.021478086562595644	
1.7117117117117118	0.0	0.0	0.03505177440462646	1.80148664244214	0.02674534309049892	
1.7147147147147146	0.0	0.0	0.033148205468051854	1.7647531950023956	0.032012599618401805	
1.7177177177177176	0.0	0.0	0.031352063184501164	1.7623062125255433	0.03727985614630507	
1.7207207207207207	0.0	0.0	0.029574004287700666	1.7598592300486908	0.04254711267420835	
1.7237237237237237	0.0	0.0	0.02779594539090017	1.7574122475718383	0.04781436920211162	
1.7267267267267268	0.0	0.0	0.02601788649409967	1.7549652650949858	0.0521406058393892	
1.7297297297297298	0.0	0.0	0.024239827597299174	1.728951686246491	0.05319405714496985	
1.7327327327327327	0.0	0.0	0.022461768700498805	1.702646624620334	0.05424750845055042	
1.7357357357357357	0.0	0.0	0.020782420227803272	1.676341562994175	0.05530095975613108	
1.7387387387387387	0.0	0.0	0.019590074849948843	1.650036501368016	0.05635441106171173	
1.7417417417417418	0.0	0.0	0.01839772947209441	1.6395615535659884	0.05740786236729239	
1.7447447447447448	0.0	0.0	0.01720538409423998	1.6454750945517034	0.05846131367287304	
1.7477477477477477	0.0	0.0	0.01601303871638564	1.6513886355374179	0.05951476497845362	
1.7507507507507507	0.0	0.0	0.01482069333853121	1.6573021765231328	0.060568216284034276	
1.7537537537537538	0.0	0.0	0.013628347960676777	1.663215717508848	0.06162166758961493	
1.7567567567567568	0.0	0.0	0.012687618642087872	1.6462046667359413	0.06544182487106329	
1.7597597597597598	0.0	0.0	0.01201823176329236	1.6290757893979857	0.06930447965819227	
1.7627627627627627	0.0	0.0	0.0113488448844969	1.6119469120600316	0.07316713444532097	
1.7657657657657657	0.0	0.0	0.01067945800570139	1.5948180347220762	0.07702978923244995	
1.7687687687687688	0.0	0.0	0.010010071126905879	1.5763678479576537	0.08089244401957893	
1.7717717717717718	0.0	0.0	0.009340684248110367	1.5565880729364232	0.08475509880670791	
1.7747747747747749	0.0	0.0	0.008671297369314858	1.5368082979151927	0.08861775359383689	
1.7777777777777777	0.0	0.0	0.008466820039169288	1.5170285228939635	0.09248040838096558	
1.7807807807807807	0.0	0.0	0.008383146679319851	1.4972795947422375	0.09634306316809457	
1.7837837837837838	0.0	0.0	0.008299473319470417	1.4929973754077457	0.10072993342433283	
1.7867867867867868	0.0	0.0	0.008215799959620981	1.4887151560732539	0.10529488908184904	
1.7897897897897899	0.0	0.0	0.008132126599771547	1.484432936738762	0.10985984473936526	
1.7927927927927927	0.0	0.0	0.008048453239922117	1.4801507174042705	0.11442480039688113	
1.7957957957957957	0.0	0.0	0.00790693397323757	1.472775864685455	0.11898975605439735	
1.7987987987987988	0.0	0.0	0.007279383774366812	1.462376189158837	0.12355471171191358	
1.8018018018018018	0.0	0.0	0.006651833575496055	1.4519765136322187	0.12811966736942978	
1.8048048048048049	0.0	0.0	0.006024283376625297	1.4415768381056007	0.132684623026946	
1.8078078078078077	0.0	0.0	0.005396733177754585	1.4309880063647216	0.1372495786844619	
1.8108108108108107	0.0	0.0	0.004769182978883828	1.3997889797848417	0.1423496660083551	
1.8138138138138138	0.0	0.0	0.004141632780013069	1.3685899532049617	0.14796807297145192	
1.8168168168168168	0.0	0.0	0.003794534185997997	1.3373909266250816	0.15358647993454874	
1.8198198198198199	0.0	0.0	0.003836370865922709	1.3061919000452016	0.1592048868976456	
1.8228228228228227	0.0	0.0	0.0038782075458474174	1.2904642565664017	0.164823293860742	
1.8258258258258258	0.0	0.0	0.003920044225772129	1.289444680534389	0.1704417008238388	
1.8288288288288288	0.0	0.0	0.003961880905696841	1.2884251045023767	0.17606010778693562	
1.8318318318318318	0.0	0.0	0.004003717585621553	1.2874055284703643	0.18167851475003244	
1.834834834834835	0.0	0.0	0.0040455542655462645	1.2865643179762043	0.18729692171312928	
1.8378378378378377	0.0	0.0	0.003796626673545892	1.2965561630900135	0.1972690773222779	
1.8408408408408408	0.0	0.0	0.003441014894185795	1.3065480082038234	0.21904040430427812	
1.8438438438438438	0.0	0.0	0.003085403114825698	1.3165398533176333	0.2408117312862783	
1.8468468468468469	0.0	0.0	0.002729791335465601	1.3265316984314433	0.2625830582682785	
1.84984984984985	0.0	0.0	0.0023741795561055042	1.3245472424854003	0.2843543852502787	
1.8528528528528527	0.0	0.0	0.002018567776745434	1.3114966692755214	0.30612571223227725	
1.8558558558558558	0.0	0.0	0.0016740477516057322	1.2984460960656417	0.3278970392142775	
1.8588588588588588	0.0	0.0	0.0015694560517939343	1.2853955228557619	0.3496683661962776	
1.8618618618618619	0.0	0.0	0.0014648643519821363	1.2728201154801546	0.37143969317827785	
1.864864864864865	0.0	0.0	0.0013602726521703384	1.2801610629107123	0.39317827156847424	
1.867867867867868	0.0	0.0	0.0012556809523585405	1.28750201034127	0.4138961472448938	
1.8708708708708708	0.0	0.0	0.0011510892525467503	1.294842957771827	0.4346140229213118	
1.8738738738738738	0.0	0.0	0.0010464975527349524	1.3021839052023847	0.4553318985977314	
1.8768768768768769	0.0	0.0	0.0009642966017217366	1.3044754754088976	0.4760497742741509	
1.87987987987988	0.0	0.0	0.000922459921797019	1.3022324081384495	0.4967676499505705	
1.882882882882883	0.0	0.0	0.0008806232418723014	1.2999893408680014	0.51748552562699	
1.8858858858858858	0.0	0.0	0.0008387865619475869	1.2977462735975536	0.538203401303408	
1.8888888888888888	0.0	0.0	0.0007969498820228692	1.294945183721836	0.5589212769798276	
1.8918918918918919	0.0	0.0	0.0007551132020981515	1.2743497478749979	0.5796391526562471	
1.894894894894895	0.0	0.0	0.0007132765221734339	1.25375431202816	0.6023053811728948	
1.897897897897898	0.0	0.0	0.0006574369892346974	1.2331588761813221	0.6254813098956692	
1.9009009009009008	0.0	0.0	0.000594681969347626	1.2125634403344858	0.6486572386184419	
1.9039039039039038	0.0	0.0	0.0005319269494605502	1.1955611154635593	0.6718331673412163	
1.906906906906907	0.0	0.0	0.0004691719295734742	1.181694881428057	0.6950090960639906	
1.90990990990991	0.0	0.0	0.00040641690968639825	1.167828647392555	0.718185024786765	
1.912912912912913	0.0	0.0	0.0003436618897993223	1.1539624133570527	0.7413609535095395	
1.9159159159159158	0.0	0.0	0.00028090686991225105	1.141411780488972	0.7645368822323122	
1.9189189189189189	0.0	0.0	0.00032086246550105875	1.1626189619550267	0.7877128109550866	
1.921921921921922	0.0	0.0	0.00036269914542577637	1.1838261434210815	0.8223704705264796	
1.924924924924925	0.0	0.0	0.0004045358253504939	1.2050333248871363	0.8662642749256735	
1.927927927927928	0.0	0.0	0.00044637250527521154	1.2262405063531912	0.9101580793248675	
1.9309309309309308	0.0	0.0	0.000488209185199926	1.2212993015831362	0.9540518837240581	
1.9339339339339339	0.0	0.0	0.0005300458651246436	1.1941785791313535	0.9979456881232521	
1.936936936936937	0.0	0.0	0.0005472303321934467	1.167057856679571	1.0418394925224461	
1.93993993993994	0.0	0.0	0.0005053936522687291	1.1399371342277886	1.08573329692164	
1.942942942942943	0.0	0.0	0.00046355697234401146	1.1128073143391826	1.1296271013208339	
1.9459459459459458	0.0	0.0	0.000421720292419297	1.0854826766809988	1.1735209057200247	
1.9489489489489489	0.0	0.0	0.0003798836124945794	1.058158039022813	1.2139775821687988	
1.951951951951952	0.0	0.0	0.00033804693256986177	1.030833401364627	1.2469857230769914	
1.954954954954955	0.0	0.0	0.0002962102526451442	1.003508763706441	1.2799938639851838	
1.957957957957958	0.0	0.0	0.00026707589601556445	0.9898212050938419	1.3130020048933764	
1.9609609609609608	0.0	0.0	0.00024615755605320743	0.987374222616993	1.3460101458015665	
1.9639639639639639	0.0	0.0	0.00022523921609084884	0.9849272401401441	1.3790182867097591	
1.966966966966967	0.0	0.0	0.00020432087612849028	0.9824802576632952	1.4120264276179515	
1.96996996996997	0.0	0.0	0.00018340253616613172	0.9798539926823869	1.445034568526144	
1.972972972972973	0.0	0.0	0.00016248419620377316	0.9739404516966529	1.4780427094343367	
1.9759759759759759	0.0	0.0	0.00014156585624141614	0.9680269107109192	1.5117294649111754	
1.978978978978979	0.0	0.0	0.00019761388978423947	0.9621133697251851	1.553516366699211	
1.981981981981982	0.0	0.0	0.0002603689096713173	0.9561998287394511	1.5953032684872466	
1.984984984984985	0.0	0.0	0.0003231239295583951	0.9460968543708759	1.637090170275282	
1.987987987987988	0.0	0.0	0.00038587894944547285	0.9326384507481941	1.6788770720633177	
1.990990990990991	0.0	0.0	0.0004486339693325507	0.9191800471255123	1.7206639738513532	
1.993993993993994	0.0	0.0	0.0005113889892196238	0.9057216435028315	1.7624508756393857	
1.996996996996997	0.0	0.0	0.0005449688681361188	0.8908598690502867	1.8042377774274212	
2.0	0.0	0.0	0.0004822138482490408	0.8535433862782793	1.8460246792154569	
2.003003003003003	0.0	0.0	0.0004194588283619674	0.8162269035062748	1.8878115810034892	
2.006006006006006	0.0	0.0	0.00035670380847488474	0.7789104207342648	1.8977855161963753	
2.009009009009009	0.0	0.0	0.00029394878858781136	0.7415939379622601	1.901648170983501	
2.012012012012012	0.0	0.0	0.00023119376870072865	0.7174652552309679	1.905510825770627	
2.015015015015015	0.0	0.0	0.00016843874881365526	0.7035990211954767	1.9093734805577525	
2.018018018018018	0.0	0.0	0.0001284873160790949	0.6897327871599854	1.913236135344878	
2.021021021021021	0.0	0.0	0.00010756897611673456	0.6758665531244922	1.917098790132004	
2.024024024024024	0.0	0.0	8.665063615437731e-05	0.6616104658451732	1.9209614449191297	
2.027027027027027	0.0	0.0	6.573229619201696e-05	0.6418306908239466	1.9248240997062558	
2.03003003003003	0.0	0.0	4.481395622965971e-05	0.6220509158027231	1.9286867544933812	
2.033033033033033	0.0	0.0	2.3895616267302462e-05	0.6022711407814995	1.9342360812251647	
2.036036036036036	0.0	0.0	2.977276304942097e-06	0.5824913657602728	1.940907939493846	
2.039039039039039	0.0	0.0	0.0	0.5599245879809658	1.9475797977625262	
2.042042042042042	0.0	0.0	0.0	0.5352508480060302	1.9542516560312075	
2.045045045045045	0.0	0.0	0.0	0.5105771080310983	1.9609235142998878	
2.048048048048048	0.0	0.0	0.0	0.48590336805616646	1.9675953725685682	
2.051051051051051	0.0	0.0	0.0	0.46255499900492364	1.9742672308372495	
2.054054054054054	0.0	0.0	0.0	0.4560297123999875	1.9809390891059298	
2.057057057057057	0.0	0.0	3.5619937762169487e-06	0.44950442579505034	1.987610947374611	
2.06006006006006	0.0	0.0	2.4480333738574204e-05	0.4429791391901142	2.0064847397859626	
2.063063063063063	0.0	0.0	4.5398673700931455e-05	0.43645385258517805	2.0468670398332147	
2.066066066066066	0.0	0.0	6.631701366329181e-05	0.4234620120541514	2.0872493398804726	
2.069069069069069	0.0	0.0	8.723535362564905e-05	0.40572138909696887	2.1276316399277246	
2.0720720720720722	0.0	0.0	0.0001081536935880094	0.3879807661397837	2.1680139399749825	
2.075075075075075	0.0	0.0	0.00012907203355036665	0.3702401431826012	2.2083962400222346	
2.078078078078078	0.0	0.0	0.00012978784579797806	0.35261390303212714	2.2487785400694866	
2.081081081081081	0.0	0.0	0.00010886950583561773	0.33630068651977846	2.2891608401167445	
2.084084084084084	0.0	0.0	8.795116587326048e-05	0.31998747000743216	2.3295431401639966	
2.0870870870870872	0.0	0.0	6.703282591090013e-05	0.3036742534950835	2.3670194513402456	
2.09009009009009	0.0	0.0	4.6114485948542866e-05	0.2873610369827372	2.3838746722295348	
2.093093093093093	0.0	0.0	2.5196145986185618e-05	0.27568969019277273	2.4007298931188235	
2.096096096096096	0.0	0.0	4.27780602382528e-06	0.2673291667301924	2.417585114008115	
2.099099099099099	0.0	0.0	0.0	0.2589686432676133	2.434440334897404	
2.1021021021021022	0.0	0.0	0.0	0.25060811980503306	2.4512955557866953	
2.105105105105105	0.0	0.0	0.0	0.24182066049160794	2.4681507766759845	
2.108108108108108	0.0	0.0	0.0	0.22856617207532273	2.485005997565273	
2.111111111111111	0.0	0.0	0.0	0.21531168365903555	2.501861218454565	
2.114114114114114	0.0	0.0	0.0	0.20205719524275031	2.5187164393438537	
2.1171171171171173	0.0	0.0	0.0	0.18880270682646313	2.5088434716081247	
2.12012012012012	0.0	0.0	0.0	0.17880093253200452	2.4954997550707754	
2.123123123123123	0.0	0.0	0.0	0.17105215468864013	2.4821560385334256	
2.126126126126126	0.0	0.0	0.0	0.16330337684527463	2.468812321996074	
2.129129129129129	0.0	0.0	0.0	0.15555459900191027	2.4554686054587247	
2.1321321321321323	0.0	0.0	0.0	0.1479597218514421	2.442124888921373	
2.135135135135135	0.0	0.0	0.0	0.14184226565931018	2.4287811723840234	
2.138138138138138	0.0	0.0	8.800734138492848e-06	0.13572480946717827	2.4154374558466736	
2.141141141141141	0.0	0.0	2.9719074100853195e-05	0.12960735327504547	2.402093739309322	
2.144144144144144	0.0	0.0	5.0637414063210446e-05	0.12348989708291357	2.380121652386698	
2.1471471471471473	0.0	0.0	7.15557540255708e-05	0.11725052140455405	2.3534342193119815	
2.15015015015015	0.0	0.0	9.247409398792805e-05	0.11092915000601976	2.3267467862372695	
2.153153153153153	0.0	0.0	0.00011339243395028531	0.10460777860748546	2.3000593531625575	
2.156156156156156	0.0	0.0	0.00013431077391264565	0.09828640720895022	2.2733719200878415	
2.159159159159159	0.0	0.0	0.00010908292354533808	0.09206846670761142	2.246684487013129	
2.1621621621621623	0.0	0.0	6.707418190708992e-05	0.08676667134109707	2.219997053938413	
2.165165165165165	0.0	0.0	2.5065440268847995e-05	0.08146487597458352	2.193309620863701	
2.168168168168168	0.0	0.0	0.0	0.07616308060806996	2.166622187788989	
2.171171171171171	0.0	0.0	0.0	0.07086128524155563	2.1465280205562967	
2.174174174174174	0.0	0.0	0.0	0.06642306642842541	2.1359935075004945	
2.1771771771771773	0.0	0.0	0.0	0.06254867750674148	2.125458994444691	
2.18018018018018	0.0	0.0	0.0	0.05867428858505812	2.114924481388889	
2.1831831831831834	0.0	0.0	0.0	0.05479989966337419	2.1043899683330856	
2.186186186186186	0.0	0.0	0.0	0.051146858464351935	2.0938554552772835	
2.189189189189189	0.0	0.0	0.0	0.04931162160671306	2.0833209422214813	
2.1921921921921923	0.0	0.0	0.0	0.04747638474907392	2.072786429165678	
2.195195195195195	0.0	0.0	0.0	0.04564114789143505	2.062251916109876	
2.1981981981981984	0.0	0.0	0.0	0.043805911033795907	2.052253815237389	
2.201201201201201	0.0	0.0	0.0	0.044841457629436664	2.0448796560983213	
2.204204204204204	0.0	0.0	0.0	0.047696270519097396	2.037505496959254	
2.2072072072072073	0.0	0.0	0.0	0.05055108340875856	2.030131337820185	
2.21021021021021	0.0	0.0	0.0	0.05340589629841929	2.0227571786811174	
2.2132132132132134	0.0	0.0	0.0	0.05527020785417237	2.015383019542049	
2.2162162162162162	0.0	0.0	0.0	0.04956058207485067	2.008008860402981	
2.219219219219219	0.0	0.0	0.0	0.04385095629552898	2.000634701263914	
2.2222222222222223	0.0	0.0	0.0	0.03814133051620644	1.993260542124845	
2.225225225225225	0.0	0.0	0.0	0.032431704736884746	1.9858863829857774	
2.2282282282282284	0.0	0.0	0.0	0.029626180045861872	1.9359994579060458	
2.2312312312312312	0.0	0.0	0.0	0.028606604013840034	1.882975742191827	
2.234234234234234	0.0	0.0	0.0	0.027587027981818196	1.829952026477608	
2.2372372372372373	0.0	0.0	0.0	0.026567451949796206	1.7769283107633813	
2.24024024024024	0.0	0.0	0.0	0.025397684170254512	1.7239045950491623	
2.2432432432432434	0.0	0.0	0.0	0.023154616899806024	1.6708808793349357	
2.2462462462462462	0.0	0.0	0.0	0.02091154962935787	1.6178571636207166	
2.249249249249249	0.0	0.0	0.0	0.018668482358909715	1.5648334479064978	
2.2522522522522523	0.0	0.0	0.0	0.01642541508846123	1.5118097321922712	
2.255255255255255	0.0	0.0	0.0	0.015587200250905278	1.4775194053089546	
2.2582582582582584	0.0	0.0	0.0	0.015587200250905278	1.4515342731046272	
2.2612612612612613	0.0	0.0	0.0	0.015587200250905278	1.4255491409003038	
2.264264264264264	0.0	0.0	0.0	0.015587200250905278	1.3995640086959804	
2.2672672672672673	0.0	0.0	0.0	0.01540183639567682	1.373578876491653	
2.27027027027027	0.0	0.0	0.0	0.013974429950846409	1.3475937442873296	
2.2732732732732734	0.0	0.0	0.0	0.012547023506015786	1.3216086120830022	
2.2762762762762763	0.0	0.0	0.0	0.011119617061185375	1.2956234798786788	
2.279279279279279	0.0	0.0	0.0	0.009692210616354963	1.2696383476743551	
2.2822822822822824	0.0	0.0	0.0	0.009298103774424799	1.2620026444050543	
2.285285285285285	0.0	0.0	0.0	0.009502018980829167	1.2763998122479885	
2.2882882882882885	0.0	0.0	0.0	0.009705934187233565	1.290796980090925	
2.2912912912912913	0.0	0.0	0.0	0.009909849393637933	1.3051941479338591	
2.294294294294294	0.0	0.0	0.0	0.009974118882173064	1.3195913157767936	
2.2972972972972974	0.0	0.0	0.0	0.009158458056555473	1.33398848361973	
2.3003003003003	0.0	0.0	0.0	0.008342797230938004	1.3483856514626642	
2.3033033033033035	0.0	0.0	0.0	0.007527136405320413	1.3627828193056006	
2.3063063063063063	0.0	0.0	0.0	0.006711475579702943	1.377179987148535	
2.309309309309309	0.0	0.0	0.0	0.0075937583155491865	1.3852832866395317	
2.3123123123123124	0.0	0.0	0.0	0.009428995173188657	1.3705349683614039	
2.315315315315315	0.0	0.0	0.0	0.011264232030827857	1.3557866500832783	
2.3183183183183185	0.0	0.0	0.0	0.013099468888467329	1.3410383318051504	
2.3213213213213213	0.0	0.0	0.0	0.014347151018089989	1.3262900135270248	
2.324324324324324	0.0	0.0	0.0	0.012104083747642094	1.3115416952488992	
2.3273273273273274	0.0	0.0	0.0	0.009861016477193868	1.2967933769707713	
2.33033033033033	0.0	0.0	0.0	0.0076179492067459725	1.2820450586926457	
2.3333333333333335	0.0	0.0	0.0	0.005374881936297746	1.2672967404145177	
2.3363363363363363	0.0	0.0	0.0	0.005508888114146269	1.252548422136392	
2.339339339339339	0.0	0.0	0.0	0.0069362945589768275	1.2398596018299297	
2.3423423423423424	0.0	0.0	0.0	0.008363701003807596	1.2272181861629587	
2.3453453453453452	0.0	0.0	0.0	0.009791107448638155	1.2145767704959896	
2.3483483483483485	0.0	0.0	0.0	0.01072529262582492	1.2019353548290188	
2.3513513513513513	0.0	0.0	0.0	0.008890055768185613	1.1892939391620496	
2.354354354354354	0.0	0.0	0.0	0.007054818910546307	1.1766525234950804	
2.3573573573573574	0.0	0.0	0.0	0.005219582052906729	1.1640111078281097	
2.3603603603603602	0.0	0.0	0.0	0.0033843451952674216	1.1513696921611405	
2.3633633633633635	0.0	0.0	0.0	0.0030176988549055184	1.1387282764941695	
2.3663663663663663	0.0	0.0	0.0	0.003425529267714253	1.1258273416776878	
2.369369369369369	0.0	0.0	0.0	0.0038333596805229884	1.1128347755755292	
2.3723723723723724	0.0	0.0	0.0	0.004241190093331784	1.0998422094733689	
2.3753753753753752	0.0	0.0	0.0	0.004649020506140511	1.0868496433712105	
2.3783783783783785	0.0	0.0	0.0	0.005056850918949259	1.07385707726905	
2.3813813813813813	0.0	0.0	0.0	0.0054646813317579465	1.0608645111668915	
2.384384384384384	0.0	0.0	0.0	0.0058725117445666344	1.0478719450647331	
2.3873873873873874	0.0	0.0	0.0	0.006280342157375383	1.0348793789625728	
2.3903903903903903	0.0	0.0	0.0	0.006148345283502613	1.0218868128604144	
2.3933933933933935	0.0	0.0	0.0	0.0057405148706938455	1.0064332058390355	
2.3963963963963963	0.0	0.0	0.0	0.005332684457885138	0.9885245336441639	
2.399399399399399	0.0	0.0	0.0	0.00492485404507643	0.9706158614492923	
2.4024024024024024	0.0	0.0	0.0	0.004483300117386012	0.9527071892544181	
2.4054054054054053	0.0	0.0	0.0	0.003871554498172963	0.9347985170595465	
2.4084084084084085	0.0	0.0	0.0	0.003259808878959824	0.9168898448646724	
2.4114114114114114	0.0	0.0	0.0	0.0026480632597467753	0.8989811726698008	
2.414414414414414	0.0	0.0	0.0	0.0020363176405337265	0.8810725004749292	
2.4174174174174174	0.0	0.0	0.0	0.0019701936793097437	0.863163828280055	
2.4204204204204203	0.0	0.0	0.0	0.0021741088857141115	0.8449789817112102	
2.4234234234234235	0.0	0.0	0.0	0.002378024092118509	0.8260168582107585	
2.4264264264264264	0.0	0.0	0.0	0.0025819392985228762	0.8070547347103096	
2.429429429429429	0.0	0.0	0.0	0.0027155102895100912	0.7880926112098607	
2.4324324324324325	0.0	0.0	0.0	0.00251159508310568	0.769130487709409	
2.4354354354354353	0.0	0.0	0.0	0.002307679876701299	0.75016836420896	
2.4384384384384385	0.0	0.0	0.0	0.0021037646702968885	0.7312062407085084	
2.4414414414414414	0.0	0.0	0.0	0.0018998494638925076	0.7122441172080595	
2.4444444444444446	0.0	0.0	0.0	0.0018337882648123947	0.6932819937076078	
2.4474474474474475	0.0	0.0	0.0	0.0018337882648124082	0.6745696985740325	
2.4504504504504503	0.0	0.0	0.0	0.0018337882648124214	0.6661420881293867	
2.4534534534534536	0.0	0.0	0.0	0.0018337882648124348	0.6577144776847397	
2.4564564564564564	0.0	0.0	0.0	0.0017971675642769178	0.6492868672400939	
2.4594594594594597	0.0	0.0	0.0	0.0015932523578725136	0.6408592567954468	
2.4624624624624625	0.0	0.0	0.0	0.0013893371514681395	0.632431646350801	
2.4654654654654653	0.0	0.0	0.0	0.0011854219450637654	0.6240040359061552	
2.4684684684684686	0.0	0.0	0.0	0.0009815067386593612	0.6155764254615081	
2.4714714714714714	0.0	0.0	0.0	0.0010561967325573942	0.6071488150168624	
2.4744744744744747	0.0	0.0	0.0	0.0012601119389617917	0.5987212045722153	
2.4774774774774775	0.0	0.0	0.0	0.0014640271453661593	0.5864331286376573	
2.4804804804804803	0.0	0.0	0.0	0.0016679423517705267	0.5730894121003035	
2.4834834834834836	0.0	0.0	0.0	0.0017576496780874892	0.5597456955629478	
2.4864864864864864	0.0	0.0	0.0	0.0013498192652787542	0.5464019790255941	
2.4894894894894897	0.0	0.0	0.0	0.000941988852469959	0.5330582624882383	
2.4924924924924925	0.0	0.0	0.0	0.0005341584396612242	0.5197145459508846	
2.4954954954954953	0.0	0.0	0.0	0.0001263280268524894	0.5063708294135308	
2.4984984984984986	0.0	0.0	0.0	0.00042225357893444507	0.4930271128761751	
2.5015015015015014	0.0	0.0	0.0	0.0010339991981475273	0.47968339633882134	
2.5045045045045047	0.0	0.0	0.0	0.0016457448173607	0.4705640542978944	
2.5075075075075075	0.0	0.0	0.0	0.002257490436573782	0.46494564733479876	
2.5105105105105103	0.0	0.0	0.0	0.0027506823972185783	0.4593272403717032	
2.5135135135135136	0.0	0.0	0.0	0.0027506823972185783	0.4537088334086068	
2.5165165165165164	0.0	0.0	0.0	0.0027506823972185783	0.44809042644551117	
2.5195195195195197	0.0	0.0	0.0	0.0027506823972185783	0.44247201948241477	
2.5225225225225225	0.0	0.0	0.0	0.0027506823972185783	0.4368536125193192	
2.5255255255255253	0.0	0.0	0.0	0.0026084826114135228	0.4312352055562236	
2.5285285285285286	0.0	0.0	0.0	0.002404567405009152	0.4256167985931272	
2.5315315315315314	0.0	0.0	0.0	0.0022006521986048114	0.4199983916300311	
2.5345345345345347	0.0	0.0	0.0	0.0019967369922004406	0.4143799846669331	
2.5375375375375375	0.0	0.0	0.0	0.001751855306779743	0.408761577703836	
2.5405405405405403	0.0	0.0	0.0	0.001344024893971008	0.40314317074073885	
2.5435435435435436	0.0	0.0	0.0	0.0009361944811622128	0.39752476377764084	
2.5465465465465464	0.0	0.0	0.0	0.000528364068353478	0.3919063568145437	
2.5495495495495497	0.0	0.0	0.0	0.0001205336555446827	0.38628794985144577	
2.5525525525525525	0.0	0.0	0.0	0.0	0.3806695428883486	
2.5555555555555554	0.0	0.0	0.0	0.0	0.37505113592525147	
2.5585585585585586	0.0	0.0	0.0	0.0	0.36891705301030336	
2.5615615615615615	0.0	0.0	0.0	0.0	0.35592448690814354	
2.5645645645645647	0.0	0.0	0.0	4.2415071843331875e-05	0.34293192080598184	
2.5675675675675675	0.0	0.0	0.0	0.0002463302782476926	0.329939354703822	
2.5705705705705704	0.0	0.0	0.0	0.00045024548465205335	0.31694678860166225	
2.5735735735735736	0.0	0.0	0.0	0.0006541606910564443	0.3039542224995005	
2.5765765765765765	0.0	0.0	0.0	0.0008580758974608049	0.29096165639734073	
2.5795795795795797	0.0	0.0	0.0	0.0007209719118287627	0.277969090295179	
2.5825825825825826	0.0	0.0	0.0	0.0004456283285236102	0.2649765241930192	
2.5855855855855854	0.0	0.0	0.0	0.00017028474521845773	0.2519839580908594	
2.5885885885885886	0.0	0.0	0.0	0.0	0.2422031271138865	
2.5915915915915915	0.0	0.0	0.0	0.0	0.2330732157988544	
2.5945945945945947	0.0	0.0	0.0	0.0	0.22394330448382094	
2.5975975975975976	0.0	0.0	0.0	0.0	0.21481339316878884	
2.6006006006006004	0.0	0.0	0.0	0.0	0.20568348185375673	
2.6036036036036037	0.0	0.0	0.0	0.0	0.1965535705387233	
2.6066066066066065	0.0	0.0	0.0	0.0	0.1874236592236912	
2.6096096096096097	0.0	0.0	0.0	0.0	0.17829374790865773	
2.6126126126126126	0.0	0.0	0.0	0.0	0.16916383659362563	
2.6156156156156154	0.0	0.0	0.0	0.0	0.16524006047966663	
2.6186186186186187	0.0	0.0	0.0	0.0	0.16488891004447334	
2.6216216216216215	0.0	0.0	0.0	0.0	0.1645377596092801	
2.6246246246246248	0.0	0.0	0.0	0.0	0.1641866091740868	
2.6276276276276276	0.0	0.0	0.0	0.0	0.16383545873889357	
2.6306306306306304	0.0	0.0	0.0	0.0	0.16348430830370034	
2.6336336336336337	0.0	0.0	0.0	0.0	0.16313315786850704	
2.6366366366366365	0.0	0.0	0.0	0.0	0.1627820074333138	
2.6396396396396398	0.0	0.0	0.0	0.0	0.16243085699812052	
2.6426426426426426	0.0	0.0	0.0	0.0	0.1578462001120504	
2.6456456456456454	0.0	0.0	0.0	0.0	0.1455559348802767	
2.6486486486486487	0.0	0.0	0.0	0.0	0.13326566964850123	
2.6516516516516515	0.0	0.0	0.0	0.0	0.12097540441672755	
2.6546546546546548	0.0	0.0	0.0	0.0	0.10868513918495205	
2.6576576576576576	0.0	0.0	0.0	0.0	0.09639487395317838	
2.6606606606606604	0.0	0.0	0.0	0.0	0.0841046087214047	
2.6636636636636637	0.0	0.0	0.0	0.0	0.07181434348962921	
2.6666666666666665	0.0	0.0	0.0	0.0	0.05952407825785554	
2.66966966966967	0.0	0.0	0.0	0.0	0.04878361958711713	
2.6726726726726726	0.0	0.0	0.0	0.0	0.04983707089269769	
2.6756756756756754	0.0	0.0	0.0	0.0	0.050890522198278255	
2.6786786786786787	0.0	0.0	0.0	0.0	0.05194397350385897	
2.6816816816816815	0.0	0.0	0.0	0.0	0.05299742480943953	
2.684684684684685	0.0	0.0	0.0	0.0	0.05405087611502024	
2.6876876876876876	0.0	0.0	0.0	0.0	0.055104327420600806	
2.6906906906906904	0.0	0.0	0.0	0.0	0.056157778726181364	
2.6936936936936937	0.0	0.0	0.0	0.0	0.05721123003176208	
2.6966966966966965	0.0	0.0	0.0	0.0	0.05826468133734264	
2.6996996996997	0.0	0.0	0.0	0.0	0.055927885277475387	
2.7027027027027026	0.0	0.0	0.0	0.0	0.05311868179592728	
2.705705705705706	0.0	0.0	0.0	0.0	0.050309478314378764	
2.7087087087087087	0.0	0.0	0.0	0.0	0.04750027483283066	
2.7117117117117115	0.0	0.0	0.0	0.0	0.04469107135128256	
2.714714714714715	0.0	0.0	0.0	0.0	0.04188186786973404	
2.7177177177177176	0.0	0.0	0.0	0.0	0.039072664388185935	
2.720720720720721	0.0	0.0	0.0	0.0	0.036263460906637415	
2.7237237237237237	0.0	0.0	0.0	0.0	0.03345425742508931	
2.7267267267267266	0.0	0.0	0.0	0.0	0.03131847532410377	
2.72972972972973	0.0	0.0	0.0	0.0	0.029562723148135826	
2.7327327327327327	0.0	0.0	0.0	0.0	0.02780697097216814	
2.735735735735736	0.0	0.0	0.0	0.0	0.0260512187962002	
2.7387387387387387	0.0	0.0	0.0	0.0	0.024295466620232516	
2.7417417417417416	0.0	0.0	0.0	0.0	0.022539714444264832	
2.744744744744745	0.0	0.0	0.0	0.0	0.020783962268296888	
2.7477477477477477	0.0	0.0	0.0	0.0	0.019028210092329207	
2.750750750750751	0.0	0.0	0.0	0.0	0.017272457916361263	
2.7537537537537538	0.0	0.0	0.0	0.0	0.016220422145853872	
2.7567567567567566	0.0	0.0	0.0	0.0	0.0162204221458539	
2.75975975975976	0.0	0.0	0.0	0.0	0.016220422145853928	
2.7627627627627627	0.0	0.0	0.0	0.0	0.016220422145853956	
2.765765765765766	0.0	0.0	0.0	0.0	0.016220422145853983	
2.7687687687687688	0.0	0.0	0.0	0.0	0.01622042214585401	
2.7717717717717716	0.0	0.0	0.0	0.0	0.01622042214585404	
2.774774774774775	0.0	0.0	0.0	0.0	0.016220422145854067	
2.7777777777777777	0.0	0.0	0.0	0.0	0.016220422145854094	
2.780780780780781	0.0	0.0	0.0	0.0	0.015935358302538286	
2.7837837837837838	0.0	0.0	0.0	0.0	0.01417960612657063	
2.7867867867867866	0.0	0.0	0.0	0.0	0.012423853950602975	
2.78978978978979	0.0	0.0	0.0	0.0	0.01066810177463506	
2.7927927927927927	0.0	0.0	0.0	0.0	0.008912349598667404	
2.795795795795796	0.0	0.0	0.0	0.0	0.007156597422699489	
2.798798798798799	0.0	0.0	0.0	0.0	0.0054008452467318325	
2.8018018018018016	0.0	0.0	0.0	0.0	0.003645093070764176	
2.804804804804805	0.0	0.0	0.0	0.0	0.0018893408947962612	
2.8078078078078077	0.0	0.0	0.0	0.0	0.00013358871882860474	
2.810810810810811	0.0	0.0	0.0	0.0	0.0	
2.813813813813814	0.0	0.0	0.0	0.0	0.0	
2.8168168168168166	0.0	0.0	0.0	0.0	0.0	
2.81981981981982	0.0	0.0	0.0	0.0	0.0	
2.8228228228228227	0.0	0.0	0.0	0.0	0.0	
2.825825825825826	0.0	0.0	0.0	0.0	0.0	
2.828828828828829	0.0	0.0	0.0	0.0	0.0	
2.8318318318318316	0.0	0.0	0.0	0.0	0.0	
2.834834834834835	0.0	0.0	0.0	0.0	0.0	
2.8378378378378377	0.0	0.0	0.0	0.0	0.0002407021789989183	
2.840840840840841	0.0	0.0	0.0	0.0	0.0005918526141924957	
2.843843843843844	0.0	0.0	0.0	0.0	0.0009430030493860212	
2.8468468468468466	0.0	0.0	0.0	0.0	0.0012941534845795468	
2.84984984984985	0.0	0.0	0.0	0.0	0.001645303919773124	
2.8528528528528527	0.0	0.0	0.0	0.0	0.0019964543549666498	
2.855855855855856	0.0	0.0	0.0	0.0	0.002347604790160227	
2.858858858858859	0.0	0.0	0.0	0.0	0.0026987552253537527	
2.8618618618618616	0.0	0.0	0.0	0.0	0.0030499056605472782	
2.864864864864865	0.0	0.0	0.0	0.0	0.0028085966490074337	
2.8678678678678677	0.0	0.0	0.0	0.0	0.0018343971207279597	
2.870870870870871	0.0	0.0	0.0	0.0	0.0008601975924483417	
2.873873873873874	0.0	0.0	0.0	0.0	0.0	
2.8768768768768767	0.0	0.0	0.0	0.0	0.0	
2.87987987987988	0.0	0.0	0.0	0.0	0.0	
2.8828828828828827	0.0	0.0	0.0	0.0	0.0	
2.885885885885886	0.0	0.0	0.0	0.0	0.0	
2.888888888888889	0.0	0.0	0.0	0.0	0.0	
2.8918918918918917	0.0	0.0	0.0	0.0	0.0	
2.894894894894895	0.0	0.0	0.0	0.0	0.0	
2.8978978978978978	0.0	0.0	0.0	0.0	0.0	
2.900900900900901	0.0	0.0	0.0	0.0	0.0	
2.903903903903904	0.0	0.0	0.0	0.0	0.0	
2.9069069069069067	0.0	0.0	0.0	0.0	0.0	
2.90990990990991	0.0	0.0	0.0	0.0	0.0	
2.9129129129129128	0.0	0.0	0.0	0.0	0.0	
2.915915915915916	0.0	0.0	0.0	0.0	0.0	
2.918918918918919	0.0	0.0	0.0	0.0	0.0	
2.9219219219219217	0.0	0.0	0.0	0.0	0.0	
2.924924924924925	0.0	0.0	0.0	0.0	0.0	
2.9279279279279278	0.0	0.0	0.0	0.0	0.0	
2.930930930930931	0.0	0.0	0.0	0.0	0.0	
2.933933933933934	0.0	0.0	0.0	0.0	0.0	
2.9369369369369367	0.0	0.0	0.0	0.0	0.0	
2.93993993993994	0.0	0.0	0.0	0.0	0.0	
2.942942942942943	0.0	0.0	0.0	0.0	0.0	
2.945945945945946	0.0	0.0	0.0	0.0	0.0	
2.948948948948949	0.0	0.0	0.0	0.0	0.0	
2.951951951951952	0.0	0.0	0.0	0.0	0.0	
2.954954954954955	0.0	0.0	0.0	0.0	0.0	
2.957957957957958	0.0	0.0	0.0	0.0	0.0	
2.960960960960961	0.0	0.0	0.0	0.0	0.0	
2.963963963963964	0.0	0.0	0.0	0.0	0.0	
2.966966966966967	0.0	0.0	0.0	0.0	0.0	
2.96996996996997	0.0	0.0	0.0	0.0	0.0	
2.972972972972973	0.0	0.0	0.0	0.0	0.0	
2.975975975975976	0.0	0.0	0.0	0.0	0.0	
2.978978978978979	0.0	0.0	0.0	0.0	0.0	
2.981981981981982	0.0	0.0	0.0	0.0	0.0	
2.984984984984985	0.0	0.0	0.0	0.0	0.0	
2.987987987987988	0.0	0.0	0.0	0.0	0.0	
2.990990990990991	0.0	0.0	0.0	0.0	0.0	
2.993993993993994	0.0	0.0	0.0	0.0	0.0	
2.996996996996997	0.0	0.0	0.0	0.0	0.0	
3.0	0.0	0.0	0.0	0.0	0.0	
